training dataset: fesc_test
seed = 5
umFeatures = 5
Feature List: SFRs, Mstars, masses, redshifts, fgases
fluxSize = 4
batch_size = 256
epochs     = 1000
0 epoch  1 train loss  2 test loss
0 1.40835e+00 1.39538e+00
1 1.40087e+00 1.39016e+00
2 1.39624e+00 1.38501e+00
3 1.39225e+00 1.37995e+00
4 1.38576e+00 1.37516e+00
5 1.38357e+00 1.37030e+00
6 1.37325e+00 1.36533e+00
7 1.37279e+00 1.36026e+00
8 1.36657e+00 1.35541e+00
9 1.36692e+00 1.35080e+00
10 1.36303e+00 1.34624e+00
11 1.36020e+00 1.34159e+00
12 1.35101e+00 1.33654e+00
13 1.34660e+00 1.33130e+00
14 1.34418e+00 1.32636e+00
15 1.34255e+00 1.32143e+00
16 1.33804e+00 1.31656e+00
17 1.32698e+00 1.31138e+00
18 1.32316e+00 1.30599e+00
19 1.32017e+00 1.30072e+00
20 1.31751e+00 1.29533e+00
21 1.31339e+00 1.28989e+00
22 1.30808e+00 1.28433e+00
23 1.30271e+00 1.27862e+00
24 1.29697e+00 1.27307e+00
25 1.29681e+00 1.26758e+00
26 1.29163e+00 1.26197e+00
27 1.28195e+00 1.25625e+00
28 1.28593e+00 1.25086e+00
29 1.26985e+00 1.24496e+00
30 1.26893e+00 1.23920e+00
31 1.27145e+00 1.23365e+00
32 1.26926e+00 1.22808e+00
33 1.26419e+00 1.22268e+00
34 1.25001e+00 1.21714e+00
35 1.25236e+00 1.21181e+00
36 1.23832e+00 1.20642e+00
37 1.24177e+00 1.20072e+00
38 1.24006e+00 1.19545e+00
39 1.22777e+00 1.18990e+00
40 1.22629e+00 1.18450e+00
41 1.22462e+00 1.17918e+00
42 1.22917e+00 1.17431e+00
43 1.21594e+00 1.16946e+00
44 1.21682e+00 1.16464e+00
45 1.21260e+00 1.15975e+00
46 1.21097e+00 1.15488e+00
47 1.20120e+00 1.15024e+00
48 1.19370e+00 1.14540e+00
49 1.19909e+00 1.14091e+00
50 1.18684e+00 1.13638e+00
51 1.18690e+00 1.13200e+00
52 1.17960e+00 1.12763e+00
53 1.18429e+00 1.12332e+00
54 1.17689e+00 1.11912e+00
55 1.16396e+00 1.11483e+00
56 1.17180e+00 1.11083e+00
57 1.16702e+00 1.10697e+00
58 1.15751e+00 1.10283e+00
59 1.17276e+00 1.09920e+00
60 1.15921e+00 1.09549e+00
61 1.15778e+00 1.09215e+00
62 1.14542e+00 1.08869e+00
63 1.16215e+00 1.08573e+00
64 1.15686e+00 1.08268e+00
65 1.15267e+00 1.07969e+00
66 1.13864e+00 1.07649e+00
67 1.13406e+00 1.07344e+00
68 1.14049e+00 1.07041e+00
69 1.14957e+00 1.06767e+00
70 1.12141e+00 1.06466e+00
71 1.12607e+00 1.06194e+00
72 1.11912e+00 1.05911e+00
73 1.15092e+00 1.05688e+00
74 1.11866e+00 1.05429e+00
75 1.12542e+00 1.05193e+00
76 1.12139e+00 1.04948e+00
77 1.11938e+00 1.04685e+00
78 1.11565e+00 1.04448e+00
79 1.11887e+00 1.04229e+00
80 1.11088e+00 1.04020e+00
81 1.11098e+00 1.03816e+00
82 1.11281e+00 1.03629e+00
83 1.10122e+00 1.03424e+00
84 1.11259e+00 1.03250e+00
85 1.09897e+00 1.03039e+00
86 1.10189e+00 1.02861e+00
87 1.09462e+00 1.02671e+00
88 1.10978e+00 1.02499e+00
89 1.09285e+00 1.02334e+00
90 1.09477e+00 1.02161e+00
91 1.09829e+00 1.02007e+00
92 1.09967e+00 1.01853e+00
93 1.09605e+00 1.01713e+00
94 1.09499e+00 1.01573e+00
95 1.09156e+00 1.01430e+00
96 1.10056e+00 1.01298e+00
97 1.08916e+00 1.01158e+00
98 1.08450e+00 1.01017e+00
99 1.09298e+00 1.00892e+00
100 1.08481e+00 1.00745e+00
101 1.08079e+00 1.00616e+00
102 1.09330e+00 1.00500e+00
103 1.07648e+00 1.00361e+00
104 1.07237e+00 1.00231e+00
105 1.08425e+00 1.00112e+00
106 1.09125e+00 1.00025e+00
107 1.07761e+00 9.99050e-01
108 1.09268e+00 9.98171e-01
109 1.07947e+00 9.96980e-01
110 1.07918e+00 9.96030e-01
111 1.07567e+00 9.94879e-01
112 1.08763e+00 9.93926e-01
113 1.06756e+00 9.92841e-01
114 1.08035e+00 9.91887e-01
115 1.08197e+00 9.90971e-01
116 1.05651e+00 9.89874e-01
117 1.06868e+00 9.88956e-01
118 1.07008e+00 9.87952e-01
119 1.08213e+00 9.87067e-01
120 1.08141e+00 9.86241e-01
121 1.06546e+00 9.85387e-01
122 1.07342e+00 9.84544e-01
123 1.07539e+00 9.83684e-01
124 1.05870e+00 9.82736e-01
125 1.06439e+00 9.81776e-01
126 1.06211e+00 9.80743e-01
127 1.05688e+00 9.79876e-01
128 1.06486e+00 9.78915e-01
129 1.05648e+00 9.78225e-01
130 1.06830e+00 9.77624e-01
131 1.05349e+00 9.76855e-01
132 1.06410e+00 9.76068e-01
133 1.05957e+00 9.75338e-01
134 1.05658e+00 9.74530e-01
135 1.06124e+00 9.73796e-01
136 1.05328e+00 9.73092e-01
137 1.03654e+00 9.72232e-01
138 1.05838e+00 9.71712e-01
139 1.05563e+00 9.71054e-01
140 1.05119e+00 9.70425e-01
141 1.04935e+00 9.69710e-01
142 1.05515e+00 9.69143e-01
143 1.04691e+00 9.68446e-01
144 1.04184e+00 9.67770e-01
145 1.04893e+00 9.67184e-01
146 1.05325e+00 9.66483e-01
147 1.04336e+00 9.65784e-01
148 1.04699e+00 9.65031e-01
149 1.04908e+00 9.64506e-01
150 1.03708e+00 9.63758e-01
151 1.04406e+00 9.63032e-01
152 1.03214e+00 9.62293e-01
153 1.04983e+00 9.61849e-01
154 1.03695e+00 9.61281e-01
155 1.03579e+00 9.60781e-01
156 1.03756e+00 9.60288e-01
157 1.04437e+00 9.59749e-01
158 1.04495e+00 9.59218e-01
159 1.04006e+00 9.58723e-01
160 1.04661e+00 9.58251e-01
161 1.03624e+00 9.57810e-01
162 1.03153e+00 9.57195e-01
163 1.03855e+00 9.56709e-01
164 1.04583e+00 9.56370e-01
165 1.03968e+00 9.55899e-01
166 1.03114e+00 9.55405e-01
167 1.03107e+00 9.54855e-01
168 1.03773e+00 9.54475e-01
169 1.03484e+00 9.53923e-01
170 1.03868e+00 9.53598e-01
171 1.03293e+00 9.53303e-01
172 1.01967e+00 9.52767e-01
173 1.03900e+00 9.52236e-01
174 1.02631e+00 9.51778e-01
175 1.01962e+00 9.51300e-01
176 1.02357e+00 9.50735e-01
177 1.02870e+00 9.50319e-01
178 1.03348e+00 9.49928e-01
179 1.04163e+00 9.49650e-01
180 1.02563e+00 9.49152e-01
181 1.02571e+00 9.48584e-01
182 1.03213e+00 9.48175e-01
183 1.02394e+00 9.47796e-01
184 1.02829e+00 9.47462e-01
185 1.02228e+00 9.46908e-01
186 1.02607e+00 9.46444e-01
187 1.03523e+00 9.46185e-01
188 1.02852e+00 9.45807e-01
189 1.02730e+00 9.45486e-01
190 1.02332e+00 9.45041e-01
191 1.04399e+00 9.44805e-01
192 1.02412e+00 9.44404e-01
193 1.02501e+00 9.44108e-01
194 1.02858e+00 9.43805e-01
195 1.01622e+00 9.43323e-01
196 1.02486e+00 9.42967e-01
197 1.02157e+00 9.42634e-01
198 1.01318e+00 9.42203e-01
199 1.01041e+00 9.41832e-01
200 1.01213e+00 9.41466e-01
201 1.00993e+00 9.41025e-01
202 1.02370e+00 9.40738e-01
203 1.02058e+00 9.40392e-01
204 1.02142e+00 9.40044e-01
205 1.01410e+00 9.39748e-01
206 1.00510e+00 9.39336e-01
207 1.01102e+00 9.39074e-01
208 1.02498e+00 9.38950e-01
209 1.02151e+00 9.38776e-01
210 1.01542e+00 9.38470e-01
211 1.01877e+00 9.38162e-01
212 1.01541e+00 9.37767e-01
213 1.00897e+00 9.37405e-01
214 1.00832e+00 9.37055e-01
215 1.00316e+00 9.36705e-01
216 1.01800e+00 9.36359e-01
217 1.01476e+00 9.36149e-01
218 1.00322e+00 9.35852e-01
219 1.02078e+00 9.35639e-01
220 1.00799e+00 9.35390e-01
221 1.00110e+00 9.35059e-01
222 1.00810e+00 9.34750e-01
223 1.02397e+00 9.34430e-01
224 1.02043e+00 9.34241e-01
225 1.00624e+00 9.34023e-01
226 1.02271e+00 9.33889e-01
227 1.00628e+00 9.33710e-01
228 1.01022e+00 9.33512e-01
229 1.01241e+00 9.33451e-01
230 1.00169e+00 9.33151e-01
231 1.00346e+00 9.32885e-01
232 1.01405e+00 9.32792e-01
233 1.00892e+00 9.32553e-01
234 9.95225e-01 9.32263e-01
235 1.00611e+00 9.31989e-01
236 1.01607e+00 9.31922e-01
237 1.00593e+00 9.31718e-01
238 1.00736e+00 9.31487e-01
239 1.01665e+00 9.31483e-01
240 1.00772e+00 9.31223e-01
241 1.01192e+00 9.31082e-01
242 1.01137e+00 9.30912e-01
243 1.00401e+00 9.30828e-01
244 1.00086e+00 9.30590e-01
245 1.00089e+00 9.30334e-01
246 1.00983e+00 9.30141e-01
247 1.00204e+00 9.29786e-01
248 1.00795e+00 9.29524e-01
249 1.01522e+00 9.29455e-01
250 9.95104e-01 9.29295e-01
251 9.95212e-01 9.29089e-01
252 9.92084e-01 9.28826e-01
253 1.01663e+00 9.28903e-01
254 1.00589e+00 9.28733e-01
255 9.94627e-01 9.28581e-01
256 1.00286e+00 9.28326e-01
257 9.99322e-01 9.28189e-01
258 1.00841e+00 9.28028e-01
259 9.94948e-01 9.27876e-01
260 1.01086e+00 9.27764e-01
261 1.00223e+00 9.27697e-01
262 9.96029e-01 9.27503e-01
263 1.00322e+00 9.27245e-01
264 9.95697e-01 9.27055e-01
265 9.95765e-01 9.26764e-01
266 9.99054e-01 9.26639e-01
267 9.97891e-01 9.26626e-01
268 1.00518e+00 9.26400e-01
269 9.97024e-01 9.26246e-01
270 9.88032e-01 9.25934e-01
271 9.91973e-01 9.25688e-01
272 9.87299e-01 9.25421e-01
273 9.88791e-01 9.25254e-01
274 9.99811e-01 9.25183e-01
275 9.81149e-01 9.24948e-01
276 9.92999e-01 9.24768e-01
277 9.80340e-01 9.24456e-01
278 9.91549e-01 9.24278e-01
279 9.92948e-01 9.24232e-01
280 9.95078e-01 9.24150e-01
281 9.94163e-01 9.24050e-01
282 9.94375e-01 9.23907e-01
283 9.89925e-01 9.23735e-01
284 9.97224e-01 9.23572e-01
285 9.83519e-01 9.23418e-01
286 1.00076e+00 9.23201e-01
287 1.00505e+00 9.23209e-01
288 1.00375e+00 9.23230e-01
289 9.95032e-01 9.23202e-01
290 9.92418e-01 9.22960e-01
291 9.92075e-01 9.22880e-01
292 9.89079e-01 9.22817e-01
293 9.95754e-01 9.22722e-01
294 9.82657e-01 9.22540e-01
295 9.91034e-01 9.22308e-01
296 9.86195e-01 9.22248e-01
297 9.96804e-01 9.22370e-01
298 9.93375e-01 9.22368e-01
299 1.00524e+00 9.22301e-01
300 9.93843e-01 9.22257e-01
301 9.93709e-01 9.22024e-01
302 1.00105e+00 9.21888e-01
303 9.85488e-01 9.21672e-01
304 9.91910e-01 9.21454e-01
305 1.00399e+00 9.21493e-01
306 9.96098e-01 9.21485e-01
307 9.82760e-01 9.21349e-01
308 9.87602e-01 9.21119e-01
309 9.97461e-01 9.21077e-01
310 9.98278e-01 9.21082e-01
311 9.99205e-01 9.21078e-01
312 9.70555e-01 9.20770e-01
313 9.91974e-01 9.20658e-01
314 9.84722e-01 9.20508e-01
315 9.91242e-01 9.20436e-01
316 9.74147e-01 9.20261e-01
317 9.92094e-01 9.20302e-01
318 1.00924e+00 9.20362e-01
319 9.97337e-01 9.20317e-01
320 9.88924e-01 9.20141e-01
321 9.96742e-01 9.19961e-01
322 9.91004e-01 9.19819e-01
323 9.90083e-01 9.19733e-01
324 9.81699e-01 9.19587e-01
325 9.86179e-01 9.19417e-01
326 9.84351e-01 9.19285e-01
327 9.92386e-01 9.19233e-01
328 9.85718e-01 9.19200e-01
329 9.90787e-01 9.19125e-01
330 9.83980e-01 9.19131e-01
331 9.90809e-01 9.19055e-01
332 9.77436e-01 9.18836e-01
333 9.89155e-01 9.18737e-01
334 9.83416e-01 9.18653e-01
335 9.76325e-01 9.18535e-01
336 9.82464e-01 9.18363e-01
337 9.87054e-01 9.18333e-01
338 9.88472e-01 9.18296e-01
339 9.88734e-01 9.18307e-01
340 9.85536e-01 9.18230e-01
341 9.92240e-01 9.18104e-01
342 9.91600e-01 9.18129e-01
343 9.93576e-01 9.18043e-01
344 9.87701e-01 9.18065e-01
345 9.70939e-01 9.17983e-01
346 9.67555e-01 9.17755e-01
347 9.73319e-01 9.17635e-01
348 9.73634e-01 9.17477e-01
349 9.89678e-01 9.17470e-01
350 9.88028e-01 9.17557e-01
351 9.72031e-01 9.17486e-01
352 9.80385e-01 9.17288e-01
353 9.90182e-01 9.17171e-01
354 9.72719e-01 9.17022e-01
355 9.80496e-01 9.16833e-01
356 9.77833e-01 9.16776e-01
357 9.86161e-01 9.16687e-01
358 9.81977e-01 9.16675e-01
359 9.71073e-01 9.16562e-01
360 9.89428e-01 9.16473e-01
361 9.78755e-01 9.16275e-01
362 9.74395e-01 9.16171e-01
363 9.93726e-01 9.16237e-01
364 9.77289e-01 9.16126e-01
365 9.94953e-01 9.16118e-01
366 9.83570e-01 9.16147e-01
367 9.75537e-01 9.16113e-01
368 9.81068e-01 9.16068e-01
369 9.75679e-01 9.15996e-01
370 9.71932e-01 9.15921e-01
371 9.92823e-01 9.15816e-01
372 9.76986e-01 9.15898e-01
373 9.78325e-01 9.15732e-01
374 9.63271e-01 9.15613e-01
375 9.68664e-01 9.15622e-01
376 9.76881e-01 9.15443e-01
377 9.86580e-01 9.15314e-01
378 9.69560e-01 9.15243e-01
379 9.77308e-01 9.15163e-01
380 9.84912e-01 9.15189e-01
381 9.65848e-01 9.14939e-01
382 9.85996e-01 9.14933e-01
383 9.74502e-01 9.14813e-01
384 9.75643e-01 9.14706e-01
385 9.75051e-01 9.14576e-01
386 9.75857e-01 9.14415e-01
387 9.78438e-01 9.14389e-01
388 9.77656e-01 9.14247e-01
389 9.76331e-01 9.14173e-01
390 9.95123e-01 9.14191e-01
391 9.81159e-01 9.14242e-01
392 9.63078e-01 9.14190e-01
393 9.73968e-01 9.14080e-01
394 9.77279e-01 9.14017e-01
395 9.70288e-01 9.13883e-01
396 9.87399e-01 9.13833e-01
397 9.85099e-01 9.13909e-01
398 9.79888e-01 9.13890e-01
399 9.86170e-01 9.13957e-01
400 9.78386e-01 9.13954e-01
401 9.63096e-01 9.13829e-01
402 9.81584e-01 9.13815e-01
403 9.89296e-01 9.13976e-01
404 9.70414e-01 9.13869e-01
405 9.70221e-01 9.13775e-01
406 9.81211e-01 9.13715e-01
407 9.76840e-01 9.13671e-01
408 9.77074e-01 9.13597e-01
409 9.87427e-01 9.13605e-01
410 9.81275e-01 9.13536e-01
411 9.80635e-01 9.13511e-01
412 9.73310e-01 9.13532e-01
413 9.74436e-01 9.13497e-01
414 9.75338e-01 9.13417e-01
415 9.75227e-01 9.13367e-01
416 9.79353e-01 9.13330e-01
417 9.70963e-01 9.13194e-01
418 9.82438e-01 9.13163e-01
419 9.83244e-01 9.13053e-01
420 9.84859e-01 9.13067e-01
421 9.81383e-01 9.13028e-01
422 9.74445e-01 9.12992e-01
423 9.72918e-01 9.13021e-01
424 9.74300e-01 9.13009e-01
425 9.75758e-01 9.12972e-01
426 9.74000e-01 9.12936e-01
427 9.82509e-01 9.13067e-01
428 9.74752e-01 9.13059e-01
429 9.70167e-01 9.13001e-01
430 9.71475e-01 9.12965e-01
431 9.80672e-01 9.13010e-01
432 9.70966e-01 9.13069e-01
433 9.75788e-01 9.13087e-01
434 9.75815e-01 9.12917e-01
435 9.64081e-01 9.12759e-01
436 9.63483e-01 9.12605e-01
437 9.79244e-01 9.12615e-01
438 9.74263e-01 9.12514e-01
439 9.71801e-01 9.12460e-01
440 9.70585e-01 9.12289e-01
441 9.75878e-01 9.12162e-01
442 9.79427e-01 9.12011e-01
443 9.59202e-01 9.11868e-01
444 9.71474e-01 9.11794e-01
445 9.77141e-01 9.11735e-01
446 9.71676e-01 9.11666e-01
447 9.64893e-01 9.11560e-01
448 9.64318e-01 9.11565e-01
449 9.70978e-01 9.11499e-01
450 9.63192e-01 9.11432e-01
451 9.72679e-01 9.11297e-01
452 9.77816e-01 9.11314e-01
453 9.64369e-01 9.11210e-01
454 9.73645e-01 9.11132e-01
455 9.71087e-01 9.11137e-01
456 9.71836e-01 9.11059e-01
457 9.60974e-01 9.10908e-01
458 9.65590e-01 9.10775e-01
459 9.54379e-01 9.10721e-01
460 9.71813e-01 9.10736e-01
461 9.81314e-01 9.10684e-01
462 9.70200e-01 9.10619e-01
463 9.71156e-01 9.10520e-01
464 9.79443e-01 9.10509e-01
465 9.77403e-01 9.10455e-01
466 9.85222e-01 9.10486e-01
467 9.69694e-01 9.10364e-01
468 9.65128e-01 9.10312e-01
469 9.73132e-01 9.10330e-01
470 9.71177e-01 9.10221e-01
471 9.74927e-01 9.10251e-01
472 9.67006e-01 9.10228e-01
473 9.62111e-01 9.10028e-01
474 9.64207e-01 9.09869e-01
475 9.78827e-01 9.09879e-01
476 9.68189e-01 9.09849e-01
477 9.65428e-01 9.09830e-01
478 9.76600e-01 9.09805e-01
479 9.69801e-01 9.09801e-01
480 9.74300e-01 9.09786e-01
481 9.69237e-01 9.09798e-01
482 9.64621e-01 9.09783e-01
483 9.64940e-01 9.09723e-01
484 9.67868e-01 9.09659e-01
485 9.65920e-01 9.09505e-01
486 9.76429e-01 9.09388e-01
487 9.80502e-01 9.09405e-01
488 9.75744e-01 9.09359e-01
489 9.70057e-01 9.09284e-01
490 9.58993e-01 9.09074e-01
491 9.53168e-01 9.08953e-01
492 9.58912e-01 9.08952e-01
493 9.79153e-01 9.08833e-01
494 9.57221e-01 9.08799e-01
495 9.64658e-01 9.08670e-01
496 9.63975e-01 9.08595e-01
497 9.64460e-01 9.08503e-01
498 9.56762e-01 9.08480e-01
499 9.73568e-01 9.08449e-01
500 9.64327e-01 9.08427e-01
501 9.52248e-01 9.08270e-01
502 9.74649e-01 9.08215e-01
503 9.70860e-01 9.08183e-01
504 9.62769e-01 9.08134e-01
505 9.60361e-01 9.07977e-01
506 9.79101e-01 9.07948e-01
507 9.77220e-01 9.07880e-01
508 9.68430e-01 9.07963e-01
509 9.64356e-01 9.07953e-01
510 9.71608e-01 9.07889e-01
511 9.73874e-01 9.07959e-01
512 9.60719e-01 9.07839e-01
513 9.71172e-01 9.07741e-01
514 9.59669e-01 9.07643e-01
515 9.73766e-01 9.07687e-01
516 9.74418e-01 9.07591e-01
517 9.57054e-01 9.07513e-01
518 9.62988e-01 9.07412e-01
519 9.73043e-01 9.07322e-01
520 9.70979e-01 9.07274e-01
521 9.71569e-01 9.07318e-01
522 9.70225e-01 9.07260e-01
523 9.66140e-01 9.07278e-01
524 9.77349e-01 9.07255e-01
525 9.69150e-01 9.07236e-01
526 9.66634e-01 9.07383e-01
527 9.63314e-01 9.07306e-01
528 9.57495e-01 9.07213e-01
529 9.66850e-01 9.07230e-01
530 9.68307e-01 9.07231e-01
531 9.52035e-01 9.07147e-01
532 9.58732e-01 9.07018e-01
533 9.63197e-01 9.07026e-01
534 9.66066e-01 9.06931e-01
535 9.57805e-01 9.06855e-01
536 9.62045e-01 9.06810e-01
537 9.75823e-01 9.06694e-01
538 9.63674e-01 9.06588e-01
539 9.68281e-01 9.06697e-01
540 9.55828e-01 9.06647e-01
541 9.63798e-01 9.06634e-01
542 9.57202e-01 9.06447e-01
543 9.60040e-01 9.06389e-01
544 9.49327e-01 9.06209e-01
545 9.55977e-01 9.06171e-01
546 9.67639e-01 9.06097e-01
547 9.58712e-01 9.06049e-01
548 9.62130e-01 9.05955e-01
549 9.61358e-01 9.05942e-01
550 9.69086e-01 9.05942e-01
551 9.71371e-01 9.05810e-01
552 9.57734e-01 9.05794e-01
553 9.82376e-01 9.05859e-01
554 9.68378e-01 9.05787e-01
555 9.67929e-01 9.05847e-01
556 9.65625e-01 9.05896e-01
557 9.70622e-01 9.05926e-01
558 9.70115e-01 9.05960e-01
559 9.66193e-01 9.05879e-01
560 9.63711e-01 9.05866e-01
561 9.65269e-01 9.05857e-01
562 9.61984e-01 9.05786e-01
563 9.59508e-01 9.05729e-01
564 9.54175e-01 9.05663e-01
565 9.59693e-01 9.05591e-01
566 9.54863e-01 9.05584e-01
567 9.53223e-01 9.05336e-01
568 9.54832e-01 9.05243e-01
569 9.74659e-01 9.05135e-01
570 9.53176e-01 9.05056e-01
571 9.68413e-01 9.05009e-01
572 9.58591e-01 9.04996e-01
573 9.52304e-01 9.04917e-01
574 9.53303e-01 9.04900e-01
575 9.60871e-01 9.04924e-01
576 9.60332e-01 9.04973e-01
577 9.54010e-01 9.04934e-01
578 9.57715e-01 9.04873e-01
579 9.56165e-01 9.04823e-01
580 9.59033e-01 9.04803e-01
581 9.61767e-01 9.04669e-01
582 9.64883e-01 9.04624e-01
583 9.51665e-01 9.04535e-01
584 9.60889e-01 9.04478e-01
585 9.45479e-01 9.04321e-01
586 9.47213e-01 9.04294e-01
587 9.57041e-01 9.04352e-01
588 9.62863e-01 9.04368e-01
589 9.64081e-01 9.04397e-01
590 9.64025e-01 9.04359e-01
591 9.55741e-01 9.04352e-01
592 9.73107e-01 9.04357e-01
593 9.51064e-01 9.04405e-01
594 9.59518e-01 9.04343e-01
595 9.60864e-01 9.04383e-01
596 9.56325e-01 9.04345e-01
597 9.43597e-01 9.04293e-01
598 9.62566e-01 9.04221e-01
599 9.59531e-01 9.04243e-01
600 9.64170e-01 9.04310e-01
601 9.58860e-01 9.04392e-01
602 9.71834e-01 9.04390e-01
603 9.68141e-01 9.04403e-01
604 9.59475e-01 9.04420e-01
605 9.51442e-01 9.04312e-01
606 9.49145e-01 9.04302e-01
607 9.65744e-01 9.04347e-01
608 9.57542e-01 9.04324e-01
609 9.62957e-01 9.04322e-01
610 9.59202e-01 9.04216e-01
611 9.49759e-01 9.04169e-01
612 9.55414e-01 9.04114e-01
613 9.54791e-01 9.04138e-01
614 9.56374e-01 9.04145e-01
615 9.56775e-01 9.04118e-01
616 9.67039e-01 9.04115e-01
617 9.59230e-01 9.04119e-01
618 9.63974e-01 9.04054e-01
619 9.66787e-01 9.04100e-01
620 9.62265e-01 9.04103e-01
621 9.62971e-01 9.04137e-01
622 9.54974e-01 9.03979e-01
623 9.49119e-01 9.03907e-01
624 9.61274e-01 9.03947e-01
625 9.48466e-01 9.03773e-01
626 9.48665e-01 9.03606e-01
627 9.47808e-01 9.03607e-01
628 9.49750e-01 9.03547e-01
629 9.54513e-01 9.03574e-01
630 9.57174e-01 9.03455e-01
631 9.66242e-01 9.03415e-01
632 9.50559e-01 9.03343e-01
633 9.68616e-01 9.03376e-01
634 9.49075e-01 9.03477e-01
635 9.67163e-01 9.03570e-01
636 9.56918e-01 9.03557e-01
637 9.55992e-01 9.03380e-01
638 9.62218e-01 9.03272e-01
639 9.48371e-01 9.03221e-01
640 9.49328e-01 9.03213e-01
641 9.56358e-01 9.03138e-01
642 9.67593e-01 9.03103e-01
643 9.60785e-01 9.03045e-01
644 9.52725e-01 9.03078e-01
645 9.53516e-01 9.03052e-01
646 9.60998e-01 9.03054e-01
647 9.60794e-01 9.02912e-01
648 9.51116e-01 9.02910e-01
649 9.52039e-01 9.02893e-01
650 9.58136e-01 9.02723e-01
651 9.59088e-01 9.02661e-01
652 9.64690e-01 9.02509e-01
653 9.59576e-01 9.02423e-01
654 9.52767e-01 9.02432e-01
655 9.43652e-01 9.02346e-01
656 9.54040e-01 9.02314e-01
657 9.59251e-01 9.02311e-01
658 9.46606e-01 9.02269e-01
659 9.68607e-01 9.02305e-01
660 9.55618e-01 9.02384e-01
661 9.58640e-01 9.02347e-01
662 9.57548e-01 9.02302e-01
663 9.55681e-01 9.02384e-01
664 9.66206e-01 9.02365e-01
665 9.55509e-01 9.02382e-01
666 9.62294e-01 9.02337e-01
667 9.61959e-01 9.02352e-01
668 9.59313e-01 9.02334e-01
669 9.59462e-01 9.02391e-01
670 9.48292e-01 9.02368e-01
671 9.51604e-01 9.02371e-01
672 9.55683e-01 9.02216e-01
673 9.60978e-01 9.02150e-01
674 9.41954e-01 9.02043e-01
675 9.58636e-01 9.02019e-01
676 9.60226e-01 9.01941e-01
677 9.49225e-01 9.01790e-01
678 9.51399e-01 9.01689e-01
679 9.58173e-01 9.01774e-01
680 9.46810e-01 9.01729e-01
681 9.57428e-01 9.01746e-01
682 9.60875e-01 9.01691e-01
683 9.50038e-01 9.01517e-01
684 9.61027e-01 9.01569e-01
685 9.52285e-01 9.01566e-01
686 9.50536e-01 9.01452e-01
687 9.55423e-01 9.01484e-01
688 9.61307e-01 9.01436e-01
689 9.49228e-01 9.01326e-01
690 9.60704e-01 9.01284e-01
691 9.56365e-01 9.01203e-01
692 9.53418e-01 9.01190e-01
693 9.58605e-01 9.01204e-01
694 9.59871e-01 9.01085e-01
695 9.45503e-01 9.01075e-01
696 9.41151e-01 9.00974e-01
697 9.62049e-01 9.00927e-01
698 9.49222e-01 9.00996e-01
699 9.63019e-01 9.00956e-01
700 9.58895e-01 9.00940e-01
701 9.50149e-01 9.00964e-01
702 9.46958e-01 9.00874e-01
703 9.61149e-01 9.01019e-01
704 9.55846e-01 9.01051e-01
705 9.51750e-01 9.00906e-01
706 9.53599e-01 9.00880e-01
707 9.52449e-01 9.00784e-01
708 9.56201e-01 9.00691e-01
709 9.42023e-01 9.00693e-01
710 9.50203e-01 9.00652e-01
711 9.51615e-01 9.00595e-01
712 9.43813e-01 9.00438e-01
713 9.41644e-01 9.00281e-01
714 9.44567e-01 9.00182e-01
715 9.56646e-01 9.00103e-01
716 9.43027e-01 9.00160e-01
717 9.49016e-01 9.00154e-01
718 9.37748e-01 9.00070e-01
719 9.52096e-01 9.00124e-01
720 9.51211e-01 9.00003e-01
721 9.46043e-01 9.00021e-01
722 9.70186e-01 9.00111e-01
723 9.53539e-01 9.00181e-01
724 9.63298e-01 9.00288e-01
725 9.55896e-01 9.00235e-01
726 9.47677e-01 9.00268e-01
727 9.52103e-01 9.00209e-01
728 9.49924e-01 9.00224e-01
729 9.56395e-01 9.00165e-01
730 9.51092e-01 9.00236e-01
731 9.45457e-01 9.00227e-01
732 9.60629e-01 9.00333e-01
733 9.59682e-01 9.00313e-01
734 9.40216e-01 9.00223e-01
735 9.58693e-01 9.00261e-01
736 9.42622e-01 9.00234e-01
737 9.47966e-01 9.00177e-01
738 9.51488e-01 9.00259e-01
739 9.47811e-01 9.00148e-01
740 9.44904e-01 9.00172e-01
741 9.48996e-01 9.00134e-01
742 9.54783e-01 9.00169e-01
743 9.45673e-01 9.00184e-01
744 9.40202e-01 9.00029e-01
745 9.56282e-01 8.99914e-01
746 9.40397e-01 8.99802e-01
747 9.38960e-01 8.99774e-01
748 9.46338e-01 8.99603e-01
749 9.41287e-01 8.99548e-01
750 9.53775e-01 8.99548e-01
751 9.64726e-01 8.99569e-01
752 9.39794e-01 8.99485e-01
753 9.48212e-01 8.99472e-01
754 9.48222e-01 8.99488e-01
755 9.45283e-01 8.99426e-01
756 9.45344e-01 8.99319e-01
757 9.48028e-01 8.99379e-01
758 9.41055e-01 8.99293e-01
759 9.46432e-01 8.99222e-01
760 9.53942e-01 8.99275e-01
761 9.41177e-01 8.99227e-01
762 9.49051e-01 8.99285e-01
763 9.49772e-01 8.99314e-01
764 9.43184e-01 8.99322e-01
765 9.53266e-01 8.99212e-01
766 9.63594e-01 8.99264e-01
767 9.55668e-01 8.99251e-01
768 9.38306e-01 8.99236e-01
769 9.33421e-01 8.99204e-01
770 9.53833e-01 8.99222e-01
771 9.62723e-01 8.99229e-01
772 9.68372e-01 8.99211e-01
773 9.45325e-01 8.99078e-01
774 9.49289e-01 8.99038e-01
775 9.50698e-01 8.98999e-01
776 9.40754e-01 8.99039e-01
777 9.41812e-01 8.99003e-01
778 9.43560e-01 8.99025e-01
779 9.60088e-01 8.99060e-01
780 9.40866e-01 8.99024e-01
781 9.43319e-01 8.99121e-01
782 9.40762e-01 8.99176e-01
783 9.52620e-01 8.99065e-01
784 9.44844e-01 8.99021e-01
785 9.46973e-01 8.98959e-01
786 9.47860e-01 8.98879e-01
787 9.50188e-01 8.98719e-01
788 9.52103e-01 8.98650e-01
789 9.47807e-01 8.98707e-01
790 9.40951e-01 8.98770e-01
791 9.48617e-01 8.98678e-01
792 9.42251e-01 8.98699e-01
793 9.45612e-01 8.98603e-01
794 9.47553e-01 8.98408e-01
795 9.52066e-01 8.98385e-01
796 9.48818e-01 8.98327e-01
797 9.47198e-01 8.98307e-01
798 9.48644e-01 8.98235e-01
799 9.53598e-01 8.98266e-01
800 9.52484e-01 8.98402e-01
801 9.45192e-01 8.98375e-01
802 9.48213e-01 8.98341e-01
803 9.39307e-01 8.98274e-01
804 9.45965e-01 8.98254e-01
805 9.51198e-01 8.98183e-01
806 9.54493e-01 8.98211e-01
807 9.30672e-01 8.98080e-01
808 9.46726e-01 8.97940e-01
809 9.52414e-01 8.97854e-01
810 9.44920e-01 8.97693e-01
811 9.40818e-01 8.97734e-01
812 9.50152e-01 8.97649e-01
813 9.33134e-01 8.97525e-01
814 9.50882e-01 8.97445e-01
815 9.32830e-01 8.97460e-01
816 9.55108e-01 8.97343e-01
817 9.43415e-01 8.97269e-01
818 9.45396e-01 8.97225e-01
819 9.46382e-01 8.97320e-01
820 9.33832e-01 8.97341e-01
821 9.44021e-01 8.97267e-01
822 9.39327e-01 8.97275e-01
823 9.47186e-01 8.97248e-01
824 9.40785e-01 8.97252e-01
825 9.45224e-01 8.97216e-01
826 9.47803e-01 8.97144e-01
827 9.44986e-01 8.97090e-01
828 9.36383e-01 8.97137e-01
829 9.46681e-01 8.97079e-01
830 9.40863e-01 8.97056e-01
831 9.47168e-01 8.97053e-01
832 9.41962e-01 8.96973e-01
833 9.44237e-01 8.96998e-01
834 9.39871e-01 8.97088e-01
835 9.49381e-01 8.97055e-01
836 9.44751e-01 8.97016e-01
837 9.27125e-01 8.96820e-01
838 9.46105e-01 8.96762e-01
839 9.31778e-01 8.96728e-01
840 9.45986e-01 8.96651e-01
841 9.55179e-01 8.96693e-01
842 9.59645e-01 8.96734e-01
843 9.44499e-01 8.96771e-01
844 9.35990e-01 8.96759e-01
845 9.52858e-01 8.96772e-01
846 9.41423e-01 8.96748e-01
847 9.43640e-01 8.96669e-01
848 9.43890e-01 8.96766e-01
849 9.62495e-01 8.96819e-01
850 9.52528e-01 8.96856e-01
851 9.42714e-01 8.96747e-01
852 9.38655e-01 8.96731e-01
853 9.43640e-01 8.96697e-01
854 9.36715e-01 8.96737e-01
855 9.41318e-01 8.96621e-01
856 9.45516e-01 8.96501e-01
857 9.41653e-01 8.96423e-01
858 9.44652e-01 8.96460e-01
859 9.48202e-01 8.96426e-01
860 9.42161e-01 8.96305e-01
861 9.47952e-01 8.96355e-01
862 9.28562e-01 8.96313e-01
863 9.43827e-01 8.96210e-01
864 9.53551e-01 8.96211e-01
865 9.48331e-01 8.96257e-01
866 9.42519e-01 8.96211e-01
867 9.51550e-01 8.96087e-01
868 9.40747e-01 8.95954e-01
869 9.42970e-01 8.95780e-01
870 9.48269e-01 8.95881e-01
871 9.45579e-01 8.95788e-01
872 9.44637e-01 8.95682e-01
873 9.40577e-01 8.95689e-01
874 9.27653e-01 8.95557e-01
875 9.37244e-01 8.95517e-01
876 9.38079e-01 8.95478e-01
877 9.34264e-01 8.95537e-01
878 9.35745e-01 8.95513e-01
879 9.41021e-01 8.95490e-01
880 9.50013e-01 8.95413e-01
881 9.40532e-01 8.95390e-01
882 9.45448e-01 8.95379e-01
883 9.40206e-01 8.95437e-01
884 9.43343e-01 8.95466e-01
885 9.41697e-01 8.95430e-01
886 9.41514e-01 8.95519e-01
887 9.28136e-01 8.95573e-01
888 9.41483e-01 8.95554e-01
889 9.40015e-01 8.95523e-01
890 9.29217e-01 8.95605e-01
891 9.30050e-01 8.95681e-01
892 9.24065e-01 8.95659e-01
893 9.43743e-01 8.95552e-01
894 9.35009e-01 8.95542e-01
895 9.41244e-01 8.95519e-01
896 9.47271e-01 8.95615e-01
897 9.45070e-01 8.95681e-01
898 9.29161e-01 8.95632e-01
899 9.47109e-01 8.95556e-01
900 9.35615e-01 8.95473e-01
901 9.45261e-01 8.95406e-01
902 9.48559e-01 8.95281e-01
903 9.40371e-01 8.95169e-01
904 9.35187e-01 8.95100e-01
905 9.48750e-01 8.94956e-01
906 9.50509e-01 8.94917e-01
907 9.34025e-01 8.94897e-01
908 9.49269e-01 8.94789e-01
909 9.36669e-01 8.94826e-01
910 9.41168e-01 8.94776e-01
911 9.40385e-01 8.94910e-01
912 9.43526e-01 8.94867e-01
913 9.35321e-01 8.94814e-01
914 9.43998e-01 8.94728e-01
915 9.35066e-01 8.94646e-01
916 9.38352e-01 8.94556e-01
917 9.23669e-01 8.94635e-01
918 9.44956e-01 8.94651e-01
919 9.42948e-01 8.94675e-01
920 9.44284e-01 8.94749e-01
921 9.37952e-01 8.94766e-01
922 9.43573e-01 8.94648e-01
923 9.40378e-01 8.94572e-01
924 9.49745e-01 8.94590e-01
925 9.26554e-01 8.94515e-01
926 9.43843e-01 8.94601e-01
927 9.55680e-01 8.94603e-01
928 9.40448e-01 8.94578e-01
929 9.41459e-01 8.94556e-01
930 9.38737e-01 8.94492e-01
931 9.46087e-01 8.94572e-01
932 9.40247e-01 8.94471e-01
933 9.43309e-01 8.94517e-01
934 9.39095e-01 8.94442e-01
935 9.37487e-01 8.94401e-01
936 9.31435e-01 8.94379e-01
937 9.38478e-01 8.94332e-01
938 9.37675e-01 8.94281e-01
939 9.40711e-01 8.94220e-01
940 9.34961e-01 8.94234e-01
941 9.29852e-01 8.94179e-01
942 9.39273e-01 8.94183e-01
943 9.42353e-01 8.94145e-01
944 9.37582e-01 8.94153e-01
945 9.31483e-01 8.94051e-01
946 9.23552e-01 8.94034e-01
947 9.34213e-01 8.93943e-01
948 9.40115e-01 8.93892e-01
949 9.32660e-01 8.93829e-01
950 9.32388e-01 8.93704e-01
951 9.27712e-01 8.93657e-01
952 9.42554e-01 8.93881e-01
953 9.44029e-01 8.93852e-01
954 9.24460e-01 8.93901e-01
955 9.50331e-01 8.93830e-01
956 9.32892e-01 8.93952e-01
957 9.30749e-01 8.93858e-01
958 9.32205e-01 8.93845e-01
959 9.54455e-01 8.93835e-01
960 9.30154e-01 8.93769e-01
961 9.36654e-01 8.93736e-01
962 9.34068e-01 8.93737e-01
963 9.41473e-01 8.93707e-01
964 9.41208e-01 8.93739e-01
965 9.40622e-01 8.93677e-01
966 9.39083e-01 8.93674e-01
967 9.32592e-01 8.93734e-01
968 9.42043e-01 8.93791e-01
969 9.39370e-01 8.93727e-01
970 9.51426e-01 8.93700e-01
971 9.35926e-01 8.93812e-01
972 9.33143e-01 8.93786e-01
973 9.35293e-01 8.93718e-01
974 9.45123e-01 8.93829e-01
975 9.29748e-01 8.93780e-01
976 9.39256e-01 8.93829e-01
977 9.35926e-01 8.93925e-01
978 9.32136e-01 8.93890e-01
979 9.36600e-01 8.93757e-01
980 9.43458e-01 8.93641e-01
981 9.35296e-01 8.93580e-01
982 9.31344e-01 8.93512e-01
983 9.28589e-01 8.93548e-01
984 9.36118e-01 8.93533e-01
985 9.38643e-01 8.93425e-01
986 9.33686e-01 8.93173e-01
987 9.32732e-01 8.93164e-01
988 9.36982e-01 8.93059e-01
989 9.29984e-01 8.92978e-01
990 9.41355e-01 8.92791e-01
991 9.45280e-01 8.92879e-01
992 9.37680e-01 8.93010e-01
993 9.30599e-01 8.92961e-01
994 9.37145e-01 8.92946e-01
995 9.36840e-01 8.93120e-01
996 9.38651e-01 8.93081e-01
997 9.32849e-01 8.93134e-01
998 9.41115e-01 8.93079e-01
999 9.35325e-01 8.93014e-01
