training dataset: fesc_test
seed = 5
umFeatures = 5
Feature List: SFRs, Mstars, masses, redshifts, fgases
fluxSize = 4
batch_size = 256
epochs     = 1000
0 epoch  1 train loss  2 test loss
0 1.39260e+00 1.36823e+00
1 1.37400e+00 1.35044e+00
2 1.35656e+00 1.33359e+00
3 1.34917e+00 1.31694e+00
4 1.33119e+00 1.30139e+00
5 1.31296e+00 1.28631e+00
6 1.30333e+00 1.27178e+00
7 1.28825e+00 1.25804e+00
8 1.28303e+00 1.24476e+00
9 1.26303e+00 1.23226e+00
10 1.25003e+00 1.22021e+00
11 1.24488e+00 1.20874e+00
12 1.23268e+00 1.19774e+00
13 1.22354e+00 1.18691e+00
14 1.21547e+00 1.17681e+00
15 1.20529e+00 1.16704e+00
16 1.19213e+00 1.15786e+00
17 1.18545e+00 1.14878e+00
18 1.18066e+00 1.14028e+00
19 1.16996e+00 1.13213e+00
20 1.16815e+00 1.12451e+00
21 1.15768e+00 1.11729e+00
22 1.14795e+00 1.11020e+00
23 1.14768e+00 1.10346e+00
24 1.13380e+00 1.09683e+00
25 1.13196e+00 1.09070e+00
26 1.11754e+00 1.08469e+00
27 1.12000e+00 1.07890e+00
28 1.11871e+00 1.07363e+00
29 1.11052e+00 1.06825e+00
30 1.10510e+00 1.06351e+00
31 1.10601e+00 1.05894e+00
32 1.10134e+00 1.05457e+00
33 1.09125e+00 1.05031e+00
34 1.09930e+00 1.04637e+00
35 1.08891e+00 1.04243e+00
36 1.08430e+00 1.03863e+00
37 1.08221e+00 1.03511e+00
38 1.06516e+00 1.03161e+00
39 1.07433e+00 1.02822e+00
40 1.07434e+00 1.02512e+00
41 1.06833e+00 1.02199e+00
42 1.06532e+00 1.01899e+00
43 1.06121e+00 1.01621e+00
44 1.05044e+00 1.01346e+00
45 1.06210e+00 1.01093e+00
46 1.04844e+00 1.00846e+00
47 1.04364e+00 1.00586e+00
48 1.05863e+00 1.00372e+00
49 1.04408e+00 1.00152e+00
50 1.04279e+00 9.99226e-01
51 1.04438e+00 9.97105e-01
52 1.04602e+00 9.95217e-01
53 1.03896e+00 9.93320e-01
54 1.04952e+00 9.91762e-01
55 1.03677e+00 9.89991e-01
56 1.03841e+00 9.88311e-01
57 1.03007e+00 9.86472e-01
58 1.03802e+00 9.84826e-01
59 1.03530e+00 9.83335e-01
60 1.03782e+00 9.81858e-01
61 1.02591e+00 9.80518e-01
62 1.03304e+00 9.79154e-01
63 1.02571e+00 9.77841e-01
64 1.02697e+00 9.76573e-01
65 1.01959e+00 9.75169e-01
66 1.01466e+00 9.73842e-01
67 1.02631e+00 9.72677e-01
68 1.02984e+00 9.71525e-01
69 1.01155e+00 9.70321e-01
70 1.03031e+00 9.69207e-01
71 1.01518e+00 9.68178e-01
72 1.01027e+00 9.67080e-01
73 1.00713e+00 9.66067e-01
74 1.01813e+00 9.65100e-01
75 1.01412e+00 9.64162e-01
76 1.00984e+00 9.63341e-01
77 1.00467e+00 9.62447e-01
78 1.01751e+00 9.61609e-01
79 1.00824e+00 9.60808e-01
80 1.01085e+00 9.60004e-01
81 1.00102e+00 9.59153e-01
82 1.00730e+00 9.58322e-01
83 1.01115e+00 9.57546e-01
84 9.98376e-01 9.56763e-01
85 1.00480e+00 9.56032e-01
86 9.97107e-01 9.55216e-01
87 1.00355e+00 9.54483e-01
88 9.99230e-01 9.53763e-01
89 9.99664e-01 9.52962e-01
90 1.00478e+00 9.52245e-01
91 1.00031e+00 9.51459e-01
92 1.00261e+00 9.50843e-01
93 1.00332e+00 9.50171e-01
94 9.97402e-01 9.49474e-01
95 9.95167e-01 9.48967e-01
96 9.83093e-01 9.48385e-01
97 9.94754e-01 9.47789e-01
98 1.00081e+00 9.47134e-01
99 1.00414e+00 9.46658e-01
100 9.90931e-01 9.45951e-01
101 9.92031e-01 9.45339e-01
102 9.99591e-01 9.44728e-01
103 9.92329e-01 9.44145e-01
104 9.93532e-01 9.43558e-01
105 9.93909e-01 9.43029e-01
106 9.83733e-01 9.42418e-01
107 9.82927e-01 9.41840e-01
108 9.86727e-01 9.41328e-01
109 9.83779e-01 9.40861e-01
110 9.80788e-01 9.40346e-01
111 9.89387e-01 9.39728e-01
112 9.92543e-01 9.39349e-01
113 9.91195e-01 9.38889e-01
114 9.80853e-01 9.38386e-01
115 9.80889e-01 9.37964e-01
116 9.85853e-01 9.37480e-01
117 9.82159e-01 9.37033e-01
118 9.79236e-01 9.36661e-01
119 9.76245e-01 9.36187e-01
120 9.74190e-01 9.35818e-01
121 9.82310e-01 9.35338e-01
122 9.84123e-01 9.34890e-01
123 9.78967e-01 9.34442e-01
124 9.78709e-01 9.33967e-01
125 9.74750e-01 9.33541e-01
126 9.70629e-01 9.33159e-01
127 9.68789e-01 9.32754e-01
128 9.74277e-01 9.32369e-01
129 9.66686e-01 9.31886e-01
130 9.79041e-01 9.31590e-01
131 9.69084e-01 9.31115e-01
132 9.71870e-01 9.30678e-01
133 9.73784e-01 9.30246e-01
134 9.74611e-01 9.30033e-01
135 9.77737e-01 9.29771e-01
136 9.71325e-01 9.29454e-01
137 9.75297e-01 9.29007e-01
138 9.75168e-01 9.28697e-01
139 9.67156e-01 9.28412e-01
140 9.72448e-01 9.28133e-01
141 9.81367e-01 9.27853e-01
142 9.71650e-01 9.27505e-01
143 9.80396e-01 9.27160e-01
144 9.76312e-01 9.26781e-01
145 9.70175e-01 9.26601e-01
146 9.70934e-01 9.26294e-01
147 9.81397e-01 9.25943e-01
148 9.71525e-01 9.25591e-01
149 9.72917e-01 9.25315e-01
150 9.69492e-01 9.25081e-01
151 9.71717e-01 9.24774e-01
152 9.64465e-01 9.24517e-01
153 9.58676e-01 9.24142e-01
154 9.72239e-01 9.23796e-01
155 9.63048e-01 9.23492e-01
156 9.59402e-01 9.23219e-01
157 9.61974e-01 9.22939e-01
158 9.61797e-01 9.22705e-01
159 9.62701e-01 9.22380e-01
160 9.66729e-01 9.22154e-01
161 9.66069e-01 9.21846e-01
162 9.68567e-01 9.21549e-01
163 9.59439e-01 9.21212e-01
164 9.60782e-01 9.20931e-01
165 9.67182e-01 9.20756e-01
166 9.64894e-01 9.20497e-01
167 9.60619e-01 9.20208e-01
168 9.69068e-01 9.20042e-01
169 9.51791e-01 9.19838e-01
170 9.68609e-01 9.19643e-01
171 9.55138e-01 9.19312e-01
172 9.66290e-01 9.19140e-01
173 9.63052e-01 9.18963e-01
174 9.61691e-01 9.18726e-01
175 9.68671e-01 9.18488e-01
176 9.67931e-01 9.18295e-01
177 9.59805e-01 9.18134e-01
178 9.57997e-01 9.17911e-01
179 9.67888e-01 9.17772e-01
180 9.58494e-01 9.17551e-01
181 9.60951e-01 9.17395e-01
182 9.57344e-01 9.17295e-01
183 9.58267e-01 9.17013e-01
184 9.52938e-01 9.16747e-01
185 9.69319e-01 9.16619e-01
186 9.55146e-01 9.16338e-01
187 9.59918e-01 9.16095e-01
188 9.66087e-01 9.15879e-01
189 9.65279e-01 9.15755e-01
190 9.54795e-01 9.15425e-01
191 9.48530e-01 9.15181e-01
192 9.53433e-01 9.14970e-01
193 9.57565e-01 9.14818e-01
194 9.58283e-01 9.14705e-01
195 9.55364e-01 9.14513e-01
196 9.58309e-01 9.14343e-01
197 9.61292e-01 9.14191e-01
198 9.48962e-01 9.14027e-01
199 9.65890e-01 9.13898e-01
200 9.59305e-01 9.13841e-01
201 9.57463e-01 9.13702e-01
202 9.55701e-01 9.13654e-01
203 9.52866e-01 9.13502e-01
204 9.50094e-01 9.13329e-01
205 9.55255e-01 9.13162e-01
206 9.54673e-01 9.13012e-01
207 9.57301e-01 9.12825e-01
208 9.51599e-01 9.12742e-01
209 9.53143e-01 9.12622e-01
210 9.56934e-01 9.12477e-01
211 9.48458e-01 9.12378e-01
212 9.48539e-01 9.12214e-01
213 9.55647e-01 9.11983e-01
214 9.63731e-01 9.11773e-01
215 9.54623e-01 9.11527e-01
216 9.53550e-01 9.11545e-01
217 9.61110e-01 9.11455e-01
218 9.48025e-01 9.11289e-01
219 9.55527e-01 9.11182e-01
220 9.54994e-01 9.11075e-01
221 9.51492e-01 9.10885e-01
222 9.62056e-01 9.10824e-01
223 9.53317e-01 9.10667e-01
224 9.54045e-01 9.10499e-01
225 9.57616e-01 9.10372e-01
226 9.51021e-01 9.10228e-01
227 9.54454e-01 9.10210e-01
228 9.42579e-01 9.10186e-01
229 9.53324e-01 9.10183e-01
230 9.40582e-01 9.10102e-01
231 9.55866e-01 9.10011e-01
232 9.42536e-01 9.09951e-01
233 9.43198e-01 9.09852e-01
234 9.52705e-01 9.09718e-01
235 9.53012e-01 9.09523e-01
236 9.49030e-01 9.09288e-01
237 9.48926e-01 9.09101e-01
238 9.44626e-01 9.08876e-01
239 9.48322e-01 9.08750e-01
240 9.46500e-01 9.08664e-01
241 9.44026e-01 9.08652e-01
242 9.44144e-01 9.08534e-01
243 9.40371e-01 9.08426e-01
244 9.57219e-01 9.08432e-01
245 9.44250e-01 9.08416e-01
246 9.40691e-01 9.08293e-01
247 9.55334e-01 9.08163e-01
248 9.50527e-01 9.08055e-01
249 9.42553e-01 9.07966e-01
250 9.40520e-01 9.07869e-01
251 9.47195e-01 9.07760e-01
252 9.36808e-01 9.07710e-01
253 9.60865e-01 9.07585e-01
254 9.36593e-01 9.07516e-01
255 9.42796e-01 9.07465e-01
256 9.52247e-01 9.07440e-01
257 9.56050e-01 9.07352e-01
258 9.47557e-01 9.07344e-01
259 9.50129e-01 9.07295e-01
260 9.37570e-01 9.07166e-01
261 9.50450e-01 9.07041e-01
262 9.47997e-01 9.06960e-01
263 9.48480e-01 9.06857e-01
264 9.38107e-01 9.06730e-01
265 9.49408e-01 9.06766e-01
266 9.40622e-01 9.06660e-01
267 9.46420e-01 9.06558e-01
268 9.47533e-01 9.06478e-01
269 9.38515e-01 9.06319e-01
270 9.46156e-01 9.06289e-01
271 9.45867e-01 9.06269e-01
272 9.38560e-01 9.06146e-01
273 9.44791e-01 9.05914e-01
274 9.46264e-01 9.05946e-01
275 9.42096e-01 9.05825e-01
276 9.45783e-01 9.05805e-01
277 9.46676e-01 9.05746e-01
278 9.41907e-01 9.05741e-01
279 9.49386e-01 9.05662e-01
280 9.36060e-01 9.05708e-01
281 9.41105e-01 9.05609e-01
282 9.46680e-01 9.05662e-01
283 9.51663e-01 9.05625e-01
284 9.49014e-01 9.05589e-01
285 9.37447e-01 9.05529e-01
286 9.38124e-01 9.05373e-01
287 9.37430e-01 9.05242e-01
288 9.43188e-01 9.05173e-01
289 9.41216e-01 9.05088e-01
290 9.39708e-01 9.05140e-01
291 9.36638e-01 9.05031e-01
292 9.43381e-01 9.04948e-01
293 9.37344e-01 9.04825e-01
294 9.39355e-01 9.04803e-01
295 9.40580e-01 9.04664e-01
296 9.36123e-01 9.04482e-01
297 9.36082e-01 9.04403e-01
298 9.41140e-01 9.04316e-01
299 9.42333e-01 9.04304e-01
300 9.44089e-01 9.04301e-01
301 9.43224e-01 9.04238e-01
302 9.38289e-01 9.04103e-01
303 9.33622e-01 9.03990e-01
304 9.45626e-01 9.03916e-01
305 9.43726e-01 9.03865e-01
306 9.46670e-01 9.03808e-01
307 9.37349e-01 9.03739e-01
308 9.32796e-01 9.03696e-01
309 9.42995e-01 9.03617e-01
310 9.39642e-01 9.03449e-01
311 9.35772e-01 9.03392e-01
312 9.40037e-01 9.03272e-01
313 9.42859e-01 9.03163e-01
314 9.38482e-01 9.03139e-01
315 9.30667e-01 9.03072e-01
316 9.27420e-01 9.02970e-01
317 9.46955e-01 9.02896e-01
318 9.36877e-01 9.02847e-01
319 9.31745e-01 9.02779e-01
320 9.40796e-01 9.02745e-01
321 9.40654e-01 9.02671e-01
322 9.45669e-01 9.02646e-01
323 9.35557e-01 9.02546e-01
324 9.26762e-01 9.02385e-01
325 9.28286e-01 9.02351e-01
326 9.29544e-01 9.02337e-01
327 9.39650e-01 9.02324e-01
328 9.37541e-01 9.02312e-01
329 9.41777e-01 9.02133e-01
330 9.34651e-01 9.02129e-01
331 9.41973e-01 9.02238e-01
332 9.33174e-01 9.02174e-01
333 9.42162e-01 9.02076e-01
334 9.25059e-01 9.01926e-01
335 9.39798e-01 9.01994e-01
336 9.39322e-01 9.01895e-01
337 9.35476e-01 9.01884e-01
338 9.38984e-01 9.01785e-01
339 9.31884e-01 9.01700e-01
340 9.31546e-01 9.01678e-01
341 9.40409e-01 9.01641e-01
342 9.34506e-01 9.01665e-01
343 9.35771e-01 9.01586e-01
344 9.31132e-01 9.01635e-01
345 9.34000e-01 9.01647e-01
346 9.36444e-01 9.01548e-01
347 9.37014e-01 9.01568e-01
348 9.35036e-01 9.01555e-01
349 9.32627e-01 9.01529e-01
350 9.33755e-01 9.01401e-01
351 9.35118e-01 9.01413e-01
352 9.34086e-01 9.01408e-01
353 9.35985e-01 9.01344e-01
354 9.40468e-01 9.01241e-01
355 9.40811e-01 9.01210e-01
356 9.35672e-01 9.01319e-01
357 9.32556e-01 9.01366e-01
358 9.35446e-01 9.01348e-01
359 9.38397e-01 9.01264e-01
360 9.40948e-01 9.01208e-01
361 9.34008e-01 9.01177e-01
362 9.33854e-01 9.01102e-01
363 9.31773e-01 9.01096e-01
364 9.35590e-01 9.00993e-01
365 9.39701e-01 9.00857e-01
366 9.38591e-01 9.00781e-01
367 9.32352e-01 9.00710e-01
368 9.32972e-01 9.00757e-01
369 9.40770e-01 9.00761e-01
370 9.39244e-01 9.00835e-01
371 9.34021e-01 9.00772e-01
372 9.32362e-01 9.00777e-01
373 9.31358e-01 9.00686e-01
374 9.39544e-01 9.00609e-01
375 9.30310e-01 9.00578e-01
376 9.35657e-01 9.00500e-01
377 9.31269e-01 9.00514e-01
378 9.29931e-01 9.00427e-01
379 9.33476e-01 9.00366e-01
380 9.37640e-01 9.00386e-01
381 9.34887e-01 9.00378e-01
382 9.29430e-01 9.00370e-01
383 9.26087e-01 9.00367e-01
384 9.39306e-01 9.00456e-01
385 9.31408e-01 9.00362e-01
386 9.30914e-01 9.00369e-01
387 9.42059e-01 9.00415e-01
388 9.28496e-01 9.00242e-01
389 9.33429e-01 9.00238e-01
390 9.34224e-01 9.00332e-01
391 9.37234e-01 9.00238e-01
392 9.29612e-01 9.00203e-01
393 9.28149e-01 9.00220e-01
394 9.31549e-01 9.00156e-01
395 9.35490e-01 9.00062e-01
396 9.33984e-01 9.00004e-01
397 9.25278e-01 9.00004e-01
398 9.21443e-01 8.99864e-01
399 9.33034e-01 8.99789e-01
400 9.29417e-01 8.99703e-01
401 9.32657e-01 8.99795e-01
402 9.23507e-01 8.99685e-01
403 9.30156e-01 8.99635e-01
404 9.32613e-01 8.99792e-01
405 9.30775e-01 8.99867e-01
406 9.24265e-01 8.99860e-01
407 9.32185e-01 8.99719e-01
408 9.27610e-01 8.99690e-01
409 9.24018e-01 8.99695e-01
410 9.30420e-01 8.99575e-01
411 9.24978e-01 8.99446e-01
412 9.31885e-01 8.99412e-01
413 9.24279e-01 8.99395e-01
414 9.36052e-01 8.99319e-01
415 9.29427e-01 8.99139e-01
416 9.23949e-01 8.98979e-01
417 9.30357e-01 8.98976e-01
418 9.33925e-01 8.99013e-01
419 9.31351e-01 8.99000e-01
420 9.36541e-01 8.99091e-01
421 9.34650e-01 8.99030e-01
422 9.28899e-01 8.99006e-01
423 9.22480e-01 8.98950e-01
424 9.25294e-01 8.98881e-01
425 9.24757e-01 8.98740e-01
426 9.26232e-01 8.98612e-01
427 9.34462e-01 8.98594e-01
428 9.31303e-01 8.98517e-01
429 9.27453e-01 8.98559e-01
430 9.30064e-01 8.98545e-01
431 9.39863e-01 8.98590e-01
432 9.26035e-01 8.98674e-01
433 9.25377e-01 8.98536e-01
434 9.19107e-01 8.98336e-01
435 9.32996e-01 8.98327e-01
436 9.28920e-01 8.98254e-01
437 9.25367e-01 8.98313e-01
438 9.19839e-01 8.98339e-01
439 9.20831e-01 8.98365e-01
440 9.29745e-01 8.98504e-01
441 9.17596e-01 8.98479e-01
442 9.25598e-01 8.98406e-01
443 9.29213e-01 8.98387e-01
444 9.25588e-01 8.98425e-01
445 9.31685e-01 8.98632e-01
446 9.23825e-01 8.98665e-01
447 9.28285e-01 8.98583e-01
448 9.20571e-01 8.98430e-01
449 9.25030e-01 8.98545e-01
450 9.22700e-01 8.98463e-01
451 9.37652e-01 8.98456e-01
452 9.20483e-01 8.98492e-01
453 9.24735e-01 8.98487e-01
454 9.17274e-01 8.98402e-01
455 9.26351e-01 8.98352e-01
456 9.25860e-01 8.98231e-01
457 9.20693e-01 8.98187e-01
458 9.26784e-01 8.98080e-01
459 9.17015e-01 8.98009e-01
460 9.20043e-01 8.98004e-01
461 9.26734e-01 8.97938e-01
462 9.21560e-01 8.97807e-01
463 9.19134e-01 8.97796e-01
464 9.20756e-01 8.97693e-01
465 9.20935e-01 8.97746e-01
466 9.20656e-01 8.97659e-01
467 9.25084e-01 8.97670e-01
468 9.27368e-01 8.97710e-01
469 9.21740e-01 8.97603e-01
470 9.31759e-01 8.97492e-01
471 9.24854e-01 8.97363e-01
472 9.34305e-01 8.97402e-01
473 9.23499e-01 8.97253e-01
474 9.28195e-01 8.97172e-01
475 9.28369e-01 8.97309e-01
476 9.12667e-01 8.97240e-01
477 9.26930e-01 8.97222e-01
478 9.24956e-01 8.97340e-01
479 9.27887e-01 8.97405e-01
480 9.18596e-01 8.97298e-01
481 9.24991e-01 8.97328e-01
482 9.19605e-01 8.97300e-01
483 9.21182e-01 8.97180e-01
484 9.28722e-01 8.97136e-01
485 9.32149e-01 8.97030e-01
486 9.18995e-01 8.96954e-01
487 9.24141e-01 8.96889e-01
488 9.30615e-01 8.96845e-01
489 9.24201e-01 8.96907e-01
490 9.25905e-01 8.96853e-01
491 9.27029e-01 8.96781e-01
492 9.21889e-01 8.96695e-01
493 9.28179e-01 8.96731e-01
494 9.25066e-01 8.96708e-01
495 9.29067e-01 8.96817e-01
496 9.21912e-01 8.96733e-01
497 9.22057e-01 8.96808e-01
498 9.33031e-01 8.96862e-01
499 9.16308e-01 8.96971e-01
500 9.22178e-01 8.96891e-01
501 9.27486e-01 8.96870e-01
502 9.20082e-01 8.96862e-01
503 9.20392e-01 8.96784e-01
504 9.25411e-01 8.96803e-01
505 9.29161e-01 8.96790e-01
506 9.25640e-01 8.96748e-01
507 9.17469e-01 8.96670e-01
508 9.27232e-01 8.96612e-01
509 9.11921e-01 8.96482e-01
510 9.25117e-01 8.96399e-01
511 9.26749e-01 8.96485e-01
512 9.25653e-01 8.96465e-01
513 9.27071e-01 8.96349e-01
514 9.23588e-01 8.96421e-01
515 9.14847e-01 8.96379e-01
516 9.23188e-01 8.96311e-01
517 9.23436e-01 8.96281e-01
518 9.13764e-01 8.96284e-01
519 9.29215e-01 8.96244e-01
520 9.17913e-01 8.96263e-01
521 9.26105e-01 8.96265e-01
522 9.26688e-01 8.96089e-01
523 9.18946e-01 8.96002e-01
524 9.14344e-01 8.95954e-01
525 9.19017e-01 8.95903e-01
526 9.27850e-01 8.95926e-01
527 9.26056e-01 8.95872e-01
528 9.23551e-01 8.95787e-01
529 9.12691e-01 8.95737e-01
530 9.27022e-01 8.95746e-01
531 9.30726e-01 8.95770e-01
532 9.17154e-01 8.95765e-01
533 9.18065e-01 8.95764e-01
534 9.26054e-01 8.95821e-01
535 9.27012e-01 8.95813e-01
536 9.22707e-01 8.95801e-01
537 9.21155e-01 8.95869e-01
538 9.24218e-01 8.95788e-01
539 9.20384e-01 8.95903e-01
540 9.23907e-01 8.95788e-01
541 9.21603e-01 8.95692e-01
542 9.20413e-01 8.95683e-01
543 9.27234e-01 8.95697e-01
544 9.18145e-01 8.95772e-01
545 9.23950e-01 8.95718e-01
546 9.14470e-01 8.95740e-01
547 9.29183e-01 8.95700e-01
548 9.27579e-01 8.95714e-01
549 9.18580e-01 8.95524e-01
550 9.12667e-01 8.95551e-01
551 9.19494e-01 8.95608e-01
552 9.25056e-01 8.95510e-01
553 9.17458e-01 8.95448e-01
554 9.28739e-01 8.95377e-01
555 9.17344e-01 8.95368e-01
556 9.19419e-01 8.95490e-01
557 9.22619e-01 8.95520e-01
558 9.21376e-01 8.95383e-01
559 9.23234e-01 8.95279e-01
560 9.19831e-01 8.95246e-01
561 9.19669e-01 8.95201e-01
562 9.13550e-01 8.95270e-01
563 9.16210e-01 8.95273e-01
564 9.18761e-01 8.95130e-01
565 9.28758e-01 8.95137e-01
566 9.13898e-01 8.95209e-01
567 9.16226e-01 8.95207e-01
568 9.18731e-01 8.95176e-01
569 9.24073e-01 8.95178e-01
570 9.15712e-01 8.95218e-01
571 9.17100e-01 8.95197e-01
572 9.17145e-01 8.95148e-01
573 9.25520e-01 8.95230e-01
574 9.12616e-01 8.95122e-01
575 9.18371e-01 8.95198e-01
576 9.17542e-01 8.95204e-01
577 9.21548e-01 8.95159e-01
578 9.13723e-01 8.95010e-01
579 9.14906e-01 8.94921e-01
580 9.28760e-01 8.94991e-01
581 9.13714e-01 8.94896e-01
582 9.15213e-01 8.94966e-01
583 9.26983e-01 8.94961e-01
584 9.16946e-01 8.94800e-01
585 9.22965e-01 8.94787e-01
586 9.16286e-01 8.94805e-01
587 9.20186e-01 8.94714e-01
588 9.25946e-01 8.94860e-01
589 9.14567e-01 8.94842e-01
590 9.17660e-01 8.94796e-01
591 9.19098e-01 8.94722e-01
592 9.10015e-01 8.94663e-01
593 9.18738e-01 8.94687e-01
594 9.14982e-01 8.94653e-01
595 9.29488e-01 8.94592e-01
596 9.16625e-01 8.94685e-01
597 9.18141e-01 8.94720e-01
598 9.18781e-01 8.94672e-01
599 9.16425e-01 8.94668e-01
600 9.20175e-01 8.94602e-01
601 9.19416e-01 8.94520e-01
602 9.14121e-01 8.94579e-01
603 9.25029e-01 8.94627e-01
604 9.20594e-01 8.94566e-01
605 9.20537e-01 8.94571e-01
606 9.20297e-01 8.94583e-01
607 9.13914e-01 8.94463e-01
608 9.19590e-01 8.94433e-01
609 9.21449e-01 8.94345e-01
610 9.15372e-01 8.94467e-01
611 9.18641e-01 8.94491e-01
612 9.20613e-01 8.94587e-01
613 9.14134e-01 8.94440e-01
614 9.22619e-01 8.94445e-01
615 9.23960e-01 8.94359e-01
616 9.17187e-01 8.94281e-01
617 9.14673e-01 8.94269e-01
618 9.18240e-01 8.94209e-01
619 9.19077e-01 8.94170e-01
620 9.17116e-01 8.94251e-01
621 9.11699e-01 8.94177e-01
622 9.23296e-01 8.94212e-01
623 9.21917e-01 8.94200e-01
624 9.26825e-01 8.94235e-01
625 9.28520e-01 8.94327e-01
626 9.19767e-01 8.94230e-01
627 9.21307e-01 8.94226e-01
628 9.16107e-01 8.94210e-01
629 9.17220e-01 8.94131e-01
630 9.15268e-01 8.94058e-01
631 9.17202e-01 8.93958e-01
632 9.20070e-01 8.93936e-01
633 9.20792e-01 8.93841e-01
634 9.16979e-01 8.93799e-01
635 9.12396e-01 8.93930e-01
636 9.16987e-01 8.93873e-01
637 9.08003e-01 8.93841e-01
638 9.11414e-01 8.93722e-01
639 9.24296e-01 8.93630e-01
640 9.20312e-01 8.93616e-01
641 9.19824e-01 8.93578e-01
642 9.24797e-01 8.93635e-01
643 9.07014e-01 8.93549e-01
644 9.14829e-01 8.93568e-01
645 9.15008e-01 8.93312e-01
646 9.09369e-01 8.93252e-01
647 9.19569e-01 8.93313e-01
648 9.11256e-01 8.93306e-01
649 9.13981e-01 8.93285e-01
650 9.14525e-01 8.93242e-01
651 9.12730e-01 8.93116e-01
652 9.19349e-01 8.93042e-01
653 9.15445e-01 8.92974e-01
654 9.20811e-01 8.92887e-01
655 9.13389e-01 8.92872e-01
656 9.11434e-01 8.92846e-01
657 9.14760e-01 8.92809e-01
658 9.09495e-01 8.92913e-01
659 9.12791e-01 8.92922e-01
660 9.19976e-01 8.92784e-01
661 9.14303e-01 8.92706e-01
662 9.10387e-01 8.92602e-01
663 9.17432e-01 8.92633e-01
664 9.13707e-01 8.92570e-01
665 9.16096e-01 8.92452e-01
666 9.26335e-01 8.92421e-01
667 9.15937e-01 8.92445e-01
668 9.16966e-01 8.92361e-01
669 9.18274e-01 8.92371e-01
670 9.11930e-01 8.92256e-01
671 9.17375e-01 8.92270e-01
672 9.09025e-01 8.92292e-01
673 9.10094e-01 8.92212e-01
674 9.06161e-01 8.91986e-01
675 9.15708e-01 8.91862e-01
676 9.09841e-01 8.91952e-01
677 9.24400e-01 8.91926e-01
678 9.13866e-01 8.91969e-01
679 9.13775e-01 8.91968e-01
680 9.11726e-01 8.91964e-01
681 9.12210e-01 8.92000e-01
682 9.19194e-01 8.92081e-01
683 9.11465e-01 8.91963e-01
684 9.14799e-01 8.91800e-01
685 9.22148e-01 8.91888e-01
686 9.14637e-01 8.91888e-01
687 9.19052e-01 8.91777e-01
688 9.24496e-01 8.91841e-01
689 9.18310e-01 8.91816e-01
690 9.15190e-01 8.91845e-01
691 9.08758e-01 8.91863e-01
692 9.19337e-01 8.91900e-01
693 9.13654e-01 8.91939e-01
694 9.18791e-01 8.91888e-01
695 9.10654e-01 8.91868e-01
696 9.13728e-01 8.91857e-01
697 9.14621e-01 8.91824e-01
698 9.19377e-01 8.91693e-01
699 9.15047e-01 8.91697e-01
700 9.14942e-01 8.91628e-01
701 9.15449e-01 8.91726e-01
702 9.11986e-01 8.91706e-01
703 9.12616e-01 8.91680e-01
704 9.13341e-01 8.91620e-01
705 9.13767e-01 8.91575e-01
706 9.11865e-01 8.91531e-01
707 9.09942e-01 8.91520e-01
708 9.10218e-01 8.91308e-01
709 9.06405e-01 8.91281e-01
710 9.16627e-01 8.91395e-01
711 9.09460e-01 8.91545e-01
712 9.15245e-01 8.91396e-01
713 9.11876e-01 8.91467e-01
714 9.12905e-01 8.91362e-01
715 9.02971e-01 8.91463e-01
716 9.07688e-01 8.91350e-01
717 9.16858e-01 8.91305e-01
718 9.14419e-01 8.91256e-01
719 9.14500e-01 8.91170e-01
720 9.16495e-01 8.91225e-01
721 9.08055e-01 8.91129e-01
722 9.12052e-01 8.91117e-01
723 9.11896e-01 8.91114e-01
724 9.10758e-01 8.90941e-01
725 9.15143e-01 8.91122e-01
726 9.09540e-01 8.91170e-01
727 9.16539e-01 8.91210e-01
728 9.13920e-01 8.91148e-01
729 9.14867e-01 8.91242e-01
730 9.16048e-01 8.91237e-01
731 9.14049e-01 8.91238e-01
732 9.16567e-01 8.91066e-01
733 9.12430e-01 8.90920e-01
734 9.08625e-01 8.91037e-01
735 9.11166e-01 8.91048e-01
736 9.15838e-01 8.91073e-01
737 9.15855e-01 8.91157e-01
738 9.11498e-01 8.91231e-01
739 9.07418e-01 8.91227e-01
740 9.12120e-01 8.91130e-01
741 9.09814e-01 8.91134e-01
742 9.09959e-01 8.91085e-01
743 9.11824e-01 8.91079e-01
744 9.14400e-01 8.91072e-01
745 9.13296e-01 8.91038e-01
746 9.13715e-01 8.91034e-01
747 9.13224e-01 8.91046e-01
748 9.19420e-01 8.91071e-01
749 9.08389e-01 8.90945e-01
750 9.09179e-01 8.91027e-01
751 9.12558e-01 8.90987e-01
752 9.02326e-01 8.90965e-01
753 9.15322e-01 8.90968e-01
754 9.07213e-01 8.90918e-01
755 9.17204e-01 8.90920e-01
756 9.16951e-01 8.90814e-01
757 9.14738e-01 8.90862e-01
758 9.15744e-01 8.90841e-01
759 9.06874e-01 8.90864e-01
760 9.07629e-01 8.90916e-01
761 9.15688e-01 8.90899e-01
762 9.15818e-01 8.90948e-01
763 9.17392e-01 8.90919e-01
764 9.12905e-01 8.90823e-01
765 9.21592e-01 8.90625e-01
766 9.22225e-01 8.90780e-01
767 8.99572e-01 8.90767e-01
768 9.14166e-01 8.90790e-01
769 9.18457e-01 8.90804e-01
770 9.07044e-01 8.90792e-01
771 9.13037e-01 8.90666e-01
772 9.14305e-01 8.90567e-01
773 9.07944e-01 8.90371e-01
774 9.13788e-01 8.90355e-01
775 9.21370e-01 8.90390e-01
776 9.12759e-01 8.90409e-01
777 9.06715e-01 8.90406e-01
778 9.10228e-01 8.90401e-01
779 9.08213e-01 8.90438e-01
780 9.03987e-01 8.90364e-01
781 9.16225e-01 8.90337e-01
782 9.18131e-01 8.90371e-01
783 9.01640e-01 8.90252e-01
784 9.08587e-01 8.90300e-01
785 9.18295e-01 8.90414e-01
786 9.12347e-01 8.90472e-01
787 9.10912e-01 8.90428e-01
788 9.11475e-01 8.90415e-01
789 9.14520e-01 8.90384e-01
790 9.18291e-01 8.90543e-01
791 9.14135e-01 8.90515e-01
792 9.14209e-01 8.90527e-01
793 9.09349e-01 8.90469e-01
794 9.04333e-01 8.90433e-01
795 9.08577e-01 8.90417e-01
796 9.06825e-01 8.90417e-01
797 9.12926e-01 8.90273e-01
798 9.02451e-01 8.90165e-01
799 9.06221e-01 8.90309e-01
800 9.03476e-01 8.90178e-01
801 9.11610e-01 8.90274e-01
802 9.08156e-01 8.90190e-01
803 9.07003e-01 8.90153e-01
804 9.09995e-01 8.90169e-01
805 9.12754e-01 8.90204e-01
806 9.01251e-01 8.90230e-01
807 9.09039e-01 8.90168e-01
808 9.16176e-01 8.90357e-01
809 9.12314e-01 8.90193e-01
810 8.99264e-01 8.90114e-01
811 9.11860e-01 8.89944e-01
812 9.18458e-01 8.89892e-01
813 9.13043e-01 8.89731e-01
814 9.04152e-01 8.89587e-01
815 9.08128e-01 8.89548e-01
816 9.15946e-01 8.89482e-01
817 9.06290e-01 8.89415e-01
818 9.18701e-01 8.89416e-01
819 9.02915e-01 8.89391e-01
820 9.14738e-01 8.89380e-01
821 9.11720e-01 8.89366e-01
822 9.09103e-01 8.89346e-01
823 9.14766e-01 8.89257e-01
824 9.07203e-01 8.89214e-01
825 9.09920e-01 8.89188e-01
826 9.12699e-01 8.89249e-01
827 9.13941e-01 8.89254e-01
828 9.08287e-01 8.89259e-01
829 9.00131e-01 8.89255e-01
830 9.12056e-01 8.89330e-01
831 9.09644e-01 8.89304e-01
832 9.14272e-01 8.89430e-01
833 9.09936e-01 8.89390e-01
834 9.14612e-01 8.89380e-01
835 9.03100e-01 8.89320e-01
836 9.06488e-01 8.89300e-01
837 9.05674e-01 8.89316e-01
838 9.08617e-01 8.89282e-01
839 9.09416e-01 8.89349e-01
840 9.08680e-01 8.89263e-01
841 9.10930e-01 8.89232e-01
842 9.07232e-01 8.89130e-01
843 9.04935e-01 8.89170e-01
844 9.09938e-01 8.89121e-01
845 9.11490e-01 8.89152e-01
846 9.08963e-01 8.89245e-01
847 9.06119e-01 8.89077e-01
848 9.09961e-01 8.89179e-01
849 9.06569e-01 8.89275e-01
850 9.01665e-01 8.89330e-01
851 9.01567e-01 8.89164e-01
852 9.07339e-01 8.89096e-01
853 9.21438e-01 8.89115e-01
854 9.12473e-01 8.89016e-01
855 9.11511e-01 8.89104e-01
856 9.10043e-01 8.88990e-01
857 9.07494e-01 8.88819e-01
858 9.03006e-01 8.88857e-01
859 9.11032e-01 8.88811e-01
860 9.10718e-01 8.88804e-01
861 9.22740e-01 8.88724e-01
862 9.04795e-01 8.88795e-01
863 9.10878e-01 8.88888e-01
864 9.05395e-01 8.88806e-01
865 9.08478e-01 8.88843e-01
866 9.09037e-01 8.88713e-01
867 9.19297e-01 8.88703e-01
868 9.19317e-01 8.88768e-01
869 9.12363e-01 8.88830e-01
870 9.02918e-01 8.88892e-01
871 9.16694e-01 8.88792e-01
872 9.07095e-01 8.88728e-01
873 9.03518e-01 8.88676e-01
874 9.06486e-01 8.88740e-01
875 9.10041e-01 8.88732e-01
876 9.06592e-01 8.88647e-01
877 9.07001e-01 8.88708e-01
878 9.12067e-01 8.88699e-01
879 9.08927e-01 8.88599e-01
880 9.07424e-01 8.88677e-01
881 9.03586e-01 8.88730e-01
882 9.04131e-01 8.88707e-01
883 9.04694e-01 8.88800e-01
884 9.01174e-01 8.88774e-01
885 9.06285e-01 8.88751e-01
886 9.08340e-01 8.88707e-01
887 9.15459e-01 8.88556e-01
888 9.03196e-01 8.88558e-01
889 9.02533e-01 8.88384e-01
890 9.11601e-01 8.88300e-01
891 9.06403e-01 8.88205e-01
892 9.06803e-01 8.88327e-01
893 9.09518e-01 8.88394e-01
894 9.11969e-01 8.88531e-01
895 9.02056e-01 8.88480e-01
896 9.14160e-01 8.88333e-01
897 9.00980e-01 8.88183e-01
898 9.07989e-01 8.88220e-01
899 9.02611e-01 8.88022e-01
900 9.15301e-01 8.87968e-01
901 9.09594e-01 8.87982e-01
902 9.10488e-01 8.87959e-01
903 9.08455e-01 8.87966e-01
904 9.00085e-01 8.87907e-01
905 9.13349e-01 8.87999e-01
906 9.04982e-01 8.87912e-01
907 9.07441e-01 8.87909e-01
908 9.00958e-01 8.87985e-01
909 9.07833e-01 8.87935e-01
910 9.08703e-01 8.87923e-01
911 9.12109e-01 8.87833e-01
912 9.10564e-01 8.87835e-01
913 9.06890e-01 8.87710e-01
914 9.11900e-01 8.87544e-01
915 9.04364e-01 8.87471e-01
916 9.03866e-01 8.87523e-01
917 9.04495e-01 8.87452e-01
918 9.05289e-01 8.87557e-01
919 9.11786e-01 8.87556e-01
920 9.05795e-01 8.87445e-01
921 9.03876e-01 8.87391e-01
922 9.05588e-01 8.87534e-01
923 9.07607e-01 8.87632e-01
924 9.01890e-01 8.87525e-01
925 8.99473e-01 8.87463e-01
926 9.02100e-01 8.87448e-01
927 9.03260e-01 8.87310e-01
928 9.09449e-01 8.87340e-01
929 9.00469e-01 8.87313e-01
930 9.06267e-01 8.87382e-01
931 8.99829e-01 8.87444e-01
932 9.14436e-01 8.87500e-01
933 9.05351e-01 8.87447e-01
934 9.10969e-01 8.87300e-01
935 9.08249e-01 8.87125e-01
936 9.08678e-01 8.87094e-01
937 8.98941e-01 8.87109e-01
938 9.11364e-01 8.87192e-01
939 9.11333e-01 8.87218e-01
940 9.01541e-01 8.87286e-01
941 9.03326e-01 8.87449e-01
942 9.00359e-01 8.87302e-01
943 9.09748e-01 8.87189e-01
944 9.01385e-01 8.87129e-01
945 9.02274e-01 8.87086e-01
946 9.02656e-01 8.86970e-01
947 9.11490e-01 8.87100e-01
948 9.03317e-01 8.87007e-01
949 9.06402e-01 8.87024e-01
950 9.02975e-01 8.86979e-01
951 9.10613e-01 8.87023e-01
952 9.02484e-01 8.87005e-01
953 9.02662e-01 8.87082e-01
954 9.07544e-01 8.86918e-01
955 8.97735e-01 8.86934e-01
956 9.07299e-01 8.87020e-01
957 9.13209e-01 8.87036e-01
958 9.09532e-01 8.87096e-01
959 9.12777e-01 8.87068e-01
960 8.97081e-01 8.87100e-01
961 9.06256e-01 8.87003e-01
962 9.03480e-01 8.86928e-01
963 9.08135e-01 8.86886e-01
964 9.10284e-01 8.86840e-01
965 9.10592e-01 8.86776e-01
966 9.08479e-01 8.86804e-01
967 9.03140e-01 8.86694e-01
968 9.01481e-01 8.86816e-01
969 9.07029e-01 8.86856e-01
970 9.01580e-01 8.86737e-01
971 9.12792e-01 8.86739e-01
972 9.00544e-01 8.86735e-01
973 9.08833e-01 8.86664e-01
974 9.00487e-01 8.86701e-01
975 9.11231e-01 8.86681e-01
976 9.07770e-01 8.86761e-01
977 9.02056e-01 8.86769e-01
978 9.16685e-01 8.86715e-01
979 9.10260e-01 8.86677e-01
980 8.98761e-01 8.86588e-01
981 9.14894e-01 8.86496e-01
982 9.05648e-01 8.86560e-01
983 8.99021e-01 8.86604e-01
984 9.03359e-01 8.86692e-01
985 9.06281e-01 8.86637e-01
986 9.13567e-01 8.86639e-01
987 9.11329e-01 8.86554e-01
988 9.02157e-01 8.86408e-01
989 9.10886e-01 8.86594e-01
990 8.99672e-01 8.86562e-01
991 9.08709e-01 8.86586e-01
992 9.02686e-01 8.86522e-01
993 9.15737e-01 8.86434e-01
994 9.06470e-01 8.86442e-01
995 9.03719e-01 8.86363e-01
996 8.95783e-01 8.86338e-01
997 9.06144e-01 8.86207e-01
998 8.98089e-01 8.86155e-01
999 8.96382e-01 8.86155e-01
