training dataset: fesc_test
seed = 5
umFeatures = 7
Feature List: SFRs, Mstars, masses, redshifts, fgases, min_dist, t_lookback
fluxSize = 4
batch_size = 80
epochs     = 1000
0 epoch  1 train loss  2 test loss
0 2.03884e+00 1.36931e+00
1 2.17911e+00 1.36888e+00
2 2.02377e+00 1.36857e+00
3 2.13490e+00 1.36830e+00
4 1.97622e+00 1.36806e+00
5 2.03279e+00 1.36778e+00
6 2.05985e+00 1.36740e+00
7 1.99784e+00 1.36712e+00
8 2.01510e+00 1.36680e+00
9 1.91061e+00 1.36649e+00
10 2.02959e+00 1.36619e+00
11 2.00348e+00 1.36592e+00
12 1.99725e+00 1.36554e+00
13 2.05098e+00 1.36521e+00
14 2.08357e+00 1.36484e+00
15 2.14183e+00 1.36442e+00
16 2.06197e+00 1.36407e+00
17 2.08092e+00 1.36371e+00
18 2.02106e+00 1.36335e+00
19 2.05426e+00 1.36307e+00
20 2.10355e+00 1.36276e+00
21 2.04976e+00 1.36246e+00
22 1.99949e+00 1.36215e+00
23 2.08056e+00 1.36190e+00
24 2.05917e+00 1.36157e+00
25 2.09126e+00 1.36129e+00
26 2.08136e+00 1.36104e+00
27 2.02882e+00 1.36071e+00
28 2.01920e+00 1.36043e+00
29 1.93165e+00 1.36015e+00
30 2.22513e+00 1.35971e+00
31 1.93412e+00 1.35944e+00
32 2.04788e+00 1.35915e+00
33 1.99085e+00 1.35885e+00
34 2.03973e+00 1.35856e+00
35 2.07320e+00 1.35823e+00
36 2.10141e+00 1.35800e+00
37 2.03938e+00 1.35767e+00
38 2.03631e+00 1.35735e+00
39 2.15751e+00 1.35710e+00
40 2.04323e+00 1.35683e+00
41 2.15652e+00 1.35652e+00
42 2.02647e+00 1.35621e+00
43 2.04728e+00 1.35595e+00
44 2.11266e+00 1.35570e+00
45 2.07782e+00 1.35543e+00
46 2.07306e+00 1.35517e+00
47 2.04145e+00 1.35493e+00
48 1.97942e+00 1.35463e+00
49 1.96012e+00 1.35438e+00
50 2.07059e+00 1.35410e+00
51 2.05244e+00 1.35378e+00
52 2.08029e+00 1.35354e+00
53 1.90158e+00 1.35333e+00
54 1.89234e+00 1.35311e+00
55 2.02789e+00 1.35285e+00
56 2.08117e+00 1.35255e+00
57 1.97166e+00 1.35231e+00
58 2.00011e+00 1.35205e+00
59 1.91685e+00 1.35180e+00
60 1.99230e+00 1.35154e+00
61 2.03544e+00 1.35131e+00
62 2.03333e+00 1.35105e+00
63 2.05866e+00 1.35074e+00
64 2.13025e+00 1.35053e+00
65 1.92002e+00 1.35032e+00
66 2.06464e+00 1.35004e+00
67 2.13496e+00 1.34983e+00
68 2.03690e+00 1.34966e+00
69 2.12784e+00 1.34940e+00
70 1.94595e+00 1.34914e+00
71 2.02206e+00 1.34886e+00
72 2.04001e+00 1.34858e+00
73 1.97412e+00 1.34835e+00
74 2.00502e+00 1.34805e+00
75 1.90323e+00 1.34783e+00
76 2.07441e+00 1.34761e+00
77 1.97459e+00 1.34734e+00
78 2.10536e+00 1.34708e+00
79 2.08015e+00 1.34682e+00
80 2.05755e+00 1.34662e+00
81 2.10212e+00 1.34637e+00
82 1.97577e+00 1.34614e+00
83 1.93850e+00 1.34587e+00
84 2.01984e+00 1.34560e+00
85 1.95765e+00 1.34541e+00
86 2.11794e+00 1.34516e+00
87 1.99974e+00 1.34490e+00
88 2.08535e+00 1.34463e+00
89 2.09835e+00 1.34437e+00
90 1.98205e+00 1.34404e+00
91 1.94424e+00 1.34384e+00
92 1.97148e+00 1.34362e+00
93 1.94844e+00 1.34339e+00
94 2.03086e+00 1.34315e+00
95 2.05035e+00 1.34289e+00
96 2.02662e+00 1.34271e+00
97 1.97803e+00 1.34249e+00
98 2.07751e+00 1.34228e+00
99 1.97652e+00 1.34209e+00
100 2.06262e+00 1.34185e+00
101 2.01500e+00 1.34165e+00
102 2.06105e+00 1.34147e+00
103 1.99240e+00 1.34127e+00
104 2.02938e+00 1.34106e+00
105 1.99315e+00 1.34091e+00
106 2.00561e+00 1.34071e+00
107 1.88695e+00 1.34054e+00
108 2.00253e+00 1.34030e+00
109 1.98157e+00 1.34012e+00
110 1.93341e+00 1.33993e+00
111 2.14989e+00 1.33974e+00
112 1.96887e+00 1.33958e+00
113 2.08434e+00 1.33939e+00
114 1.94157e+00 1.33923e+00
115 1.95130e+00 1.33907e+00
116 2.00646e+00 1.33889e+00
117 2.05194e+00 1.33874e+00
118 1.82954e+00 1.33857e+00
119 2.02097e+00 1.33839e+00
120 1.99299e+00 1.33820e+00
121 2.02610e+00 1.33805e+00
122 1.98516e+00 1.33785e+00
123 2.11123e+00 1.33761e+00
124 1.97082e+00 1.33738e+00
125 1.93746e+00 1.33713e+00
126 2.04197e+00 1.33697e+00
127 2.07653e+00 1.33679e+00
128 2.07100e+00 1.33659e+00
129 2.03386e+00 1.33646e+00
130 2.09449e+00 1.33629e+00
131 2.09963e+00 1.33610e+00
132 1.92747e+00 1.33594e+00
133 1.99775e+00 1.33573e+00
134 1.98647e+00 1.33558e+00
135 1.99325e+00 1.33542e+00
136 1.91679e+00 1.33527e+00
137 1.94454e+00 1.33510e+00
138 1.93776e+00 1.33493e+00
139 1.89527e+00 1.33477e+00
140 1.86991e+00 1.33459e+00
141 1.94588e+00 1.33440e+00
142 1.97277e+00 1.33421e+00
143 1.89938e+00 1.33401e+00
144 1.91907e+00 1.33387e+00
145 1.92261e+00 1.33373e+00
146 1.88820e+00 1.33360e+00
147 1.96639e+00 1.33344e+00
148 1.97720e+00 1.33326e+00
149 1.99801e+00 1.33309e+00
150 1.99369e+00 1.33295e+00
151 1.85064e+00 1.33282e+00
152 1.98996e+00 1.33264e+00
153 1.94158e+00 1.33251e+00
154 1.87718e+00 1.33238e+00
155 1.85634e+00 1.33222e+00
156 1.89216e+00 1.33208e+00
157 1.96834e+00 1.33191e+00
158 1.91930e+00 1.33175e+00
159 2.02157e+00 1.33162e+00
160 1.93602e+00 1.33145e+00
161 2.04086e+00 1.33131e+00
162 2.03043e+00 1.33119e+00
163 1.96346e+00 1.33101e+00
164 1.94634e+00 1.33086e+00
165 2.00910e+00 1.33072e+00
166 1.97886e+00 1.33055e+00
167 2.00358e+00 1.33037e+00
168 1.84330e+00 1.33025e+00
169 1.95478e+00 1.33010e+00
170 2.02394e+00 1.32994e+00
171 1.88580e+00 1.32983e+00
172 1.94713e+00 1.32971e+00
173 1.92268e+00 1.32959e+00
174 1.89749e+00 1.32945e+00
175 2.01342e+00 1.32930e+00
176 2.04057e+00 1.32915e+00
177 1.93755e+00 1.32904e+00
178 1.92573e+00 1.32886e+00
179 1.89216e+00 1.32871e+00
180 1.98991e+00 1.32857e+00
181 1.97593e+00 1.32841e+00
182 1.91001e+00 1.32827e+00
183 1.93973e+00 1.32813e+00
184 1.95342e+00 1.32801e+00
185 1.78930e+00 1.32788e+00
186 1.90693e+00 1.32776e+00
187 1.99343e+00 1.32760e+00
188 1.91884e+00 1.32749e+00
189 1.96775e+00 1.32731e+00
190 2.01757e+00 1.32717e+00
191 2.02359e+00 1.32700e+00
192 1.91234e+00 1.32683e+00
193 1.92973e+00 1.32665e+00
194 1.91396e+00 1.32652e+00
195 1.96913e+00 1.32637e+00
196 1.96658e+00 1.32626e+00
197 1.85560e+00 1.32615e+00
198 1.92703e+00 1.32606e+00
199 1.96858e+00 1.32593e+00
200 1.86304e+00 1.32581e+00
201 1.98152e+00 1.32566e+00
202 2.06360e+00 1.32553e+00
203 1.94886e+00 1.32538e+00
204 1.97785e+00 1.32525e+00
205 2.02802e+00 1.32510e+00
206 1.92338e+00 1.32496e+00
207 1.88344e+00 1.32482e+00
208 1.99154e+00 1.32469e+00
209 1.91062e+00 1.32453e+00
210 1.89359e+00 1.32439e+00
211 1.85382e+00 1.32425e+00
212 1.96797e+00 1.32412e+00
213 1.99610e+00 1.32396e+00
214 1.91865e+00 1.32378e+00
215 1.86199e+00 1.32371e+00
216 1.82733e+00 1.32359e+00
217 1.90136e+00 1.32346e+00
218 2.03143e+00 1.32334e+00
219 1.95497e+00 1.32321e+00
220 1.86989e+00 1.32308e+00
221 1.94040e+00 1.32296e+00
222 1.88283e+00 1.32283e+00
223 1.89721e+00 1.32272e+00
224 1.86233e+00 1.32261e+00
225 1.97071e+00 1.32250e+00
226 1.93919e+00 1.32240e+00
227 1.87610e+00 1.32232e+00
228 1.97380e+00 1.32222e+00
229 1.92483e+00 1.32208e+00
230 1.92464e+00 1.32198e+00
231 1.73716e+00 1.32188e+00
232 1.80432e+00 1.32178e+00
233 1.95131e+00 1.32169e+00
234 1.96640e+00 1.32156e+00
235 1.96555e+00 1.32145e+00
236 1.87461e+00 1.32136e+00
237 1.93561e+00 1.32126e+00
238 1.85447e+00 1.32116e+00
239 1.93754e+00 1.32105e+00
240 1.93889e+00 1.32095e+00
241 1.86515e+00 1.32086e+00
242 1.97874e+00 1.32076e+00
243 1.87887e+00 1.32066e+00
244 1.89923e+00 1.32055e+00
245 1.92559e+00 1.32045e+00
246 1.81641e+00 1.32037e+00
247 1.93904e+00 1.32025e+00
248 1.79662e+00 1.32016e+00
249 1.85938e+00 1.32004e+00
250 1.83239e+00 1.31990e+00
251 1.86585e+00 1.31979e+00
252 1.81430e+00 1.31967e+00
253 1.89709e+00 1.31958e+00
254 1.82391e+00 1.31948e+00
255 1.93150e+00 1.31942e+00
256 1.96744e+00 1.31930e+00
257 1.79158e+00 1.31923e+00
258 1.90729e+00 1.31916e+00
259 1.85383e+00 1.31905e+00
260 1.92246e+00 1.31895e+00
261 1.98101e+00 1.31884e+00
262 1.96613e+00 1.31878e+00
263 1.91415e+00 1.31870e+00
264 1.88811e+00 1.31860e+00
265 1.97934e+00 1.31851e+00
266 1.91493e+00 1.31840e+00
267 1.84234e+00 1.31832e+00
268 1.84724e+00 1.31824e+00
269 1.89512e+00 1.31816e+00
270 1.85338e+00 1.31808e+00
271 1.92831e+00 1.31799e+00
272 2.01647e+00 1.31787e+00
273 1.86220e+00 1.31779e+00
274 1.82617e+00 1.31770e+00
275 1.76130e+00 1.31761e+00
276 1.74544e+00 1.31756e+00
277 1.86205e+00 1.31747e+00
278 1.88603e+00 1.31741e+00
279 1.88360e+00 1.31735e+00
280 1.84467e+00 1.31724e+00
281 1.91210e+00 1.31716e+00
282 1.77596e+00 1.31708e+00
283 1.93024e+00 1.31697e+00
284 1.83745e+00 1.31693e+00
285 1.92098e+00 1.31689e+00
286 1.91037e+00 1.31683e+00
287 1.84860e+00 1.31674e+00
288 1.85305e+00 1.31664e+00
289 1.90252e+00 1.31653e+00
290 1.90724e+00 1.31646e+00
291 1.90194e+00 1.31637e+00
292 1.85186e+00 1.31629e+00
293 1.82457e+00 1.31622e+00
294 1.93501e+00 1.31613e+00
295 1.88873e+00 1.31607e+00
296 1.80024e+00 1.31599e+00
297 1.76934e+00 1.31593e+00
298 1.78141e+00 1.31586e+00
299 1.91495e+00 1.31583e+00
300 1.85022e+00 1.31579e+00
301 1.80597e+00 1.31570e+00
302 1.84851e+00 1.31561e+00
303 1.86447e+00 1.31552e+00
304 1.87163e+00 1.31545e+00
305 1.81939e+00 1.31535e+00
306 1.81467e+00 1.31530e+00
307 1.92071e+00 1.31523e+00
308 1.78361e+00 1.31517e+00
309 1.77955e+00 1.31511e+00
310 1.91640e+00 1.31507e+00
311 1.85572e+00 1.31499e+00
312 1.91482e+00 1.31493e+00
313 1.81298e+00 1.31483e+00
314 1.90120e+00 1.31474e+00
315 1.84160e+00 1.31467e+00
316 1.79086e+00 1.31459e+00
317 1.81026e+00 1.31450e+00
318 2.02033e+00 1.31443e+00
319 1.88279e+00 1.31434e+00
320 1.86110e+00 1.31425e+00
321 1.91777e+00 1.31419e+00
322 1.83099e+00 1.31412e+00
323 1.72676e+00 1.31408e+00
324 1.82250e+00 1.31403e+00
325 1.84377e+00 1.31398e+00
326 1.81658e+00 1.31391e+00
327 1.93164e+00 1.31382e+00
328 1.86347e+00 1.31375e+00
329 1.82427e+00 1.31370e+00
330 1.83817e+00 1.31364e+00
331 1.81776e+00 1.31359e+00
332 1.79136e+00 1.31352e+00
333 1.87637e+00 1.31347e+00
334 1.90888e+00 1.31341e+00
335 1.73554e+00 1.31334e+00
336 1.84525e+00 1.31330e+00
337 1.78778e+00 1.31326e+00
338 1.90729e+00 1.31316e+00
339 1.89872e+00 1.31307e+00
340 1.74436e+00 1.31301e+00
341 1.91630e+00 1.31293e+00
342 1.85380e+00 1.31287e+00
343 1.86711e+00 1.31280e+00
344 1.90586e+00 1.31273e+00
345 1.74728e+00 1.31264e+00
346 1.86084e+00 1.31257e+00
347 1.83695e+00 1.31251e+00
348 1.86146e+00 1.31244e+00
349 1.78344e+00 1.31240e+00
350 1.91995e+00 1.31233e+00
351 1.78419e+00 1.31228e+00
352 1.84358e+00 1.31223e+00
353 1.91164e+00 1.31216e+00
354 1.81805e+00 1.31210e+00
355 1.87415e+00 1.31206e+00
356 1.81434e+00 1.31198e+00
357 1.85658e+00 1.31192e+00
358 1.87055e+00 1.31186e+00
359 1.74328e+00 1.31182e+00
360 1.87901e+00 1.31177e+00
361 1.76587e+00 1.31171e+00
362 1.91124e+00 1.31167e+00
363 1.86800e+00 1.31163e+00
364 1.86474e+00 1.31160e+00
365 1.80308e+00 1.31155e+00
366 1.91064e+00 1.31149e+00
367 1.79698e+00 1.31144e+00
368 1.93875e+00 1.31139e+00
369 1.77105e+00 1.31134e+00
370 1.74759e+00 1.31129e+00
371 1.76510e+00 1.31122e+00
372 1.82770e+00 1.31116e+00
373 1.88371e+00 1.31111e+00
374 1.86514e+00 1.31104e+00
375 1.79242e+00 1.31099e+00
376 1.96482e+00 1.31094e+00
377 1.75794e+00 1.31090e+00
378 1.79488e+00 1.31087e+00
379 1.81325e+00 1.31084e+00
380 1.77748e+00 1.31080e+00
381 1.89034e+00 1.31073e+00
382 1.74086e+00 1.31069e+00
383 1.83648e+00 1.31066e+00
384 1.79201e+00 1.31063e+00
385 1.87603e+00 1.31057e+00
386 1.89512e+00 1.31051e+00
387 1.85914e+00 1.31046e+00
388 1.75780e+00 1.31043e+00
389 1.86109e+00 1.31039e+00
390 1.84125e+00 1.31032e+00
391 1.80060e+00 1.31028e+00
392 1.77006e+00 1.31027e+00
393 1.89458e+00 1.31022e+00
394 1.75865e+00 1.31017e+00
395 1.81281e+00 1.31014e+00
396 1.86537e+00 1.31010e+00
397 1.81921e+00 1.31005e+00
398 1.86481e+00 1.30998e+00
399 1.82682e+00 1.30993e+00
400 1.80193e+00 1.30989e+00
401 1.74691e+00 1.30986e+00
402 1.68055e+00 1.30981e+00
403 1.85564e+00 1.30976e+00
404 1.86192e+00 1.30973e+00
405 1.76149e+00 1.30970e+00
406 1.82297e+00 1.30968e+00
407 1.71912e+00 1.30965e+00
408 1.75096e+00 1.30962e+00
409 1.82206e+00 1.30958e+00
410 1.87228e+00 1.30952e+00
411 1.75332e+00 1.30949e+00
412 1.82965e+00 1.30945e+00
413 1.89488e+00 1.30942e+00
414 1.80840e+00 1.30939e+00
415 1.81527e+00 1.30935e+00
416 1.80034e+00 1.30932e+00
417 1.78920e+00 1.30926e+00
418 1.72340e+00 1.30923e+00
419 1.90593e+00 1.30921e+00
420 1.81165e+00 1.30917e+00
421 1.86032e+00 1.30912e+00
422 1.79963e+00 1.30909e+00
423 1.77981e+00 1.30906e+00
424 1.85648e+00 1.30904e+00
425 1.70666e+00 1.30901e+00
426 1.81822e+00 1.30899e+00
427 1.82022e+00 1.30894e+00
428 1.78280e+00 1.30891e+00
429 1.81656e+00 1.30888e+00
430 1.72005e+00 1.30885e+00
431 1.89799e+00 1.30881e+00
432 1.89133e+00 1.30877e+00
433 1.84621e+00 1.30873e+00
434 1.80104e+00 1.30869e+00
435 1.77345e+00 1.30867e+00
436 1.76325e+00 1.30864e+00
437 1.73833e+00 1.30861e+00
438 1.80623e+00 1.30857e+00
439 1.91659e+00 1.30853e+00
440 1.72867e+00 1.30849e+00
441 1.82398e+00 1.30845e+00
442 1.81004e+00 1.30842e+00
443 1.71321e+00 1.30841e+00
444 1.81519e+00 1.30837e+00
445 1.80709e+00 1.30832e+00
446 1.85573e+00 1.30826e+00
447 1.85210e+00 1.30824e+00
448 1.76597e+00 1.30822e+00
449 1.89072e+00 1.30819e+00
450 1.85935e+00 1.30815e+00
451 1.83138e+00 1.30810e+00
452 1.87044e+00 1.30807e+00
453 1.85010e+00 1.30804e+00
454 1.68550e+00 1.30800e+00
455 1.78230e+00 1.30798e+00
456 1.82259e+00 1.30797e+00
457 1.85601e+00 1.30794e+00
458 1.90023e+00 1.30791e+00
459 1.71336e+00 1.30791e+00
460 1.83400e+00 1.30788e+00
461 1.83009e+00 1.30786e+00
462 1.72846e+00 1.30782e+00
463 1.75266e+00 1.30782e+00
464 1.78923e+00 1.30778e+00
465 1.91582e+00 1.30776e+00
466 1.75866e+00 1.30775e+00
467 1.71195e+00 1.30772e+00
468 1.77755e+00 1.30769e+00
469 1.81398e+00 1.30768e+00
470 1.83655e+00 1.30766e+00
471 1.75002e+00 1.30765e+00
472 1.87289e+00 1.30760e+00
473 1.77763e+00 1.30758e+00
474 1.81651e+00 1.30756e+00
475 1.79728e+00 1.30753e+00
476 1.84194e+00 1.30752e+00
477 1.77359e+00 1.30750e+00
478 1.85977e+00 1.30746e+00
479 1.83221e+00 1.30743e+00
480 1.76368e+00 1.30740e+00
481 1.78645e+00 1.30736e+00
482 1.78973e+00 1.30734e+00
483 1.74356e+00 1.30731e+00
484 1.84431e+00 1.30727e+00
485 1.73342e+00 1.30725e+00
486 1.77368e+00 1.30720e+00
487 1.78603e+00 1.30718e+00
488 1.81572e+00 1.30716e+00
489 1.86851e+00 1.30713e+00
490 1.77381e+00 1.30713e+00
491 1.76163e+00 1.30711e+00
492 1.79863e+00 1.30710e+00
493 1.83135e+00 1.30705e+00
494 1.78131e+00 1.30703e+00
495 1.76288e+00 1.30701e+00
496 1.89676e+00 1.30696e+00
497 1.77509e+00 1.30694e+00
498 1.87392e+00 1.30691e+00
499 1.77544e+00 1.30688e+00
500 1.82851e+00 1.30684e+00
501 1.86541e+00 1.30683e+00
502 1.85597e+00 1.30680e+00
503 1.84609e+00 1.30678e+00
504 1.76346e+00 1.30675e+00
505 1.82399e+00 1.30671e+00
506 1.76892e+00 1.30669e+00
507 1.71717e+00 1.30668e+00
508 1.76282e+00 1.30666e+00
509 1.80753e+00 1.30664e+00
510 1.87860e+00 1.30663e+00
511 1.86226e+00 1.30660e+00
512 1.77928e+00 1.30658e+00
513 1.78292e+00 1.30655e+00
514 1.78972e+00 1.30653e+00
515 1.80118e+00 1.30650e+00
516 1.77942e+00 1.30650e+00
517 1.81477e+00 1.30647e+00
518 1.77415e+00 1.30645e+00
519 1.69861e+00 1.30644e+00
520 1.64256e+00 1.30641e+00
521 1.86565e+00 1.30639e+00
522 1.82350e+00 1.30637e+00
523 1.70299e+00 1.30636e+00
524 1.79859e+00 1.30634e+00
525 1.78529e+00 1.30631e+00
526 1.77518e+00 1.30629e+00
527 1.77280e+00 1.30627e+00
528 1.74857e+00 1.30625e+00
529 1.74657e+00 1.30624e+00
530 1.78836e+00 1.30622e+00
531 1.73021e+00 1.30622e+00
532 1.82239e+00 1.30620e+00
533 1.80010e+00 1.30619e+00
534 1.73374e+00 1.30618e+00
535 1.79105e+00 1.30616e+00
536 1.85917e+00 1.30615e+00
537 1.78065e+00 1.30611e+00
538 1.86986e+00 1.30609e+00
539 1.87916e+00 1.30606e+00
540 1.78049e+00 1.30605e+00
541 1.81049e+00 1.30604e+00
542 1.72587e+00 1.30601e+00
543 1.74209e+00 1.30598e+00
544 1.68991e+00 1.30596e+00
545 1.85258e+00 1.30594e+00
546 1.74953e+00 1.30592e+00
547 1.75245e+00 1.30590e+00
548 1.85233e+00 1.30588e+00
549 1.77993e+00 1.30587e+00
550 1.74129e+00 1.30585e+00
551 1.79917e+00 1.30582e+00
552 1.78028e+00 1.30579e+00
553 1.77822e+00 1.30577e+00
554 1.66320e+00 1.30576e+00
555 1.71555e+00 1.30576e+00
556 1.66304e+00 1.30573e+00
557 1.72828e+00 1.30570e+00
558 1.76158e+00 1.30570e+00
559 1.83611e+00 1.30567e+00
560 1.79591e+00 1.30562e+00
561 1.74510e+00 1.30560e+00
562 1.71982e+00 1.30558e+00
563 1.75991e+00 1.30556e+00
564 1.73054e+00 1.30555e+00
565 1.72386e+00 1.30554e+00
566 1.76194e+00 1.30554e+00
567 1.67981e+00 1.30552e+00
568 1.67497e+00 1.30550e+00
569 1.69525e+00 1.30548e+00
570 1.71065e+00 1.30548e+00
571 1.90152e+00 1.30546e+00
572 1.80306e+00 1.30545e+00
573 1.70045e+00 1.30544e+00
574 1.81263e+00 1.30543e+00
575 1.77272e+00 1.30541e+00
576 1.72687e+00 1.30538e+00
577 1.72941e+00 1.30538e+00
578 1.77970e+00 1.30537e+00
579 1.77305e+00 1.30536e+00
580 1.70802e+00 1.30536e+00
581 1.77293e+00 1.30533e+00
582 1.82651e+00 1.30533e+00
583 1.79023e+00 1.30533e+00
584 1.68156e+00 1.30532e+00
585 1.69120e+00 1.30531e+00
586 1.83275e+00 1.30527e+00
587 1.78426e+00 1.30526e+00
588 1.80347e+00 1.30526e+00
589 1.74417e+00 1.30525e+00
590 1.69192e+00 1.30525e+00
591 1.74715e+00 1.30524e+00
592 1.85154e+00 1.30522e+00
593 1.66955e+00 1.30520e+00
594 1.67096e+00 1.30519e+00
595 1.74882e+00 1.30518e+00
596 1.77777e+00 1.30518e+00
597 1.74234e+00 1.30515e+00
598 1.70587e+00 1.30512e+00
599 1.68862e+00 1.30509e+00
600 1.68389e+00 1.30508e+00
601 1.73219e+00 1.30507e+00
602 1.81428e+00 1.30504e+00
603 1.80003e+00 1.30503e+00
604 1.72757e+00 1.30501e+00
605 1.70387e+00 1.30499e+00
606 1.79272e+00 1.30497e+00
607 1.78211e+00 1.30495e+00
608 1.66887e+00 1.30493e+00
609 1.82159e+00 1.30491e+00
610 1.73999e+00 1.30489e+00
611 1.71342e+00 1.30487e+00
612 1.68232e+00 1.30486e+00
613 1.69428e+00 1.30484e+00
614 1.69808e+00 1.30483e+00
615 1.72301e+00 1.30480e+00
616 1.75435e+00 1.30478e+00
617 1.76627e+00 1.30475e+00
618 1.80246e+00 1.30474e+00
619 1.66523e+00 1.30472e+00
620 1.73472e+00 1.30470e+00
621 1.71899e+00 1.30468e+00
622 1.64559e+00 1.30467e+00
623 1.74673e+00 1.30467e+00
624 1.69764e+00 1.30466e+00
625 1.63138e+00 1.30463e+00
626 1.64464e+00 1.30463e+00
627 1.76997e+00 1.30461e+00
628 1.75186e+00 1.30458e+00
629 1.74269e+00 1.30456e+00
630 1.72131e+00 1.30454e+00
631 1.77276e+00 1.30452e+00
632 1.67263e+00 1.30452e+00
633 1.77890e+00 1.30451e+00
634 1.68557e+00 1.30450e+00
635 1.62281e+00 1.30448e+00
636 1.68451e+00 1.30448e+00
637 1.68179e+00 1.30447e+00
638 1.77082e+00 1.30446e+00
639 1.77304e+00 1.30443e+00
640 1.66087e+00 1.30442e+00
641 1.72065e+00 1.30439e+00
642 1.85650e+00 1.30438e+00
643 1.74642e+00 1.30436e+00
644 1.69765e+00 1.30435e+00
645 1.60737e+00 1.30434e+00
646 1.71863e+00 1.30432e+00
647 1.75158e+00 1.30430e+00
648 1.73046e+00 1.30428e+00
649 1.66085e+00 1.30426e+00
650 1.83924e+00 1.30423e+00
651 1.74464e+00 1.30421e+00
652 1.74119e+00 1.30420e+00
653 1.68592e+00 1.30419e+00
654 1.70602e+00 1.30417e+00
655 1.67879e+00 1.30416e+00
656 1.67998e+00 1.30413e+00
657 1.73957e+00 1.30413e+00
658 1.73110e+00 1.30411e+00
659 1.69619e+00 1.30409e+00
660 1.79076e+00 1.30408e+00
661 1.77726e+00 1.30406e+00
662 1.74111e+00 1.30404e+00
663 1.68310e+00 1.30403e+00
664 1.67759e+00 1.30402e+00
665 1.72716e+00 1.30401e+00
666 1.63791e+00 1.30400e+00
667 1.80815e+00 1.30398e+00
668 1.70062e+00 1.30396e+00
669 1.67117e+00 1.30394e+00
670 1.77737e+00 1.30392e+00
671 1.75408e+00 1.30391e+00
672 1.78022e+00 1.30389e+00
673 1.80913e+00 1.30389e+00
674 1.75013e+00 1.30388e+00
675 1.73929e+00 1.30387e+00
676 1.75508e+00 1.30385e+00
677 1.66885e+00 1.30383e+00
678 1.73912e+00 1.30381e+00
679 1.66618e+00 1.30379e+00
680 1.71268e+00 1.30377e+00
681 1.75469e+00 1.30375e+00
682 1.72663e+00 1.30374e+00
683 1.78430e+00 1.30374e+00
684 1.69486e+00 1.30371e+00
685 1.63186e+00 1.30371e+00
686 1.65993e+00 1.30369e+00
687 1.68544e+00 1.30367e+00
688 1.69806e+00 1.30365e+00
689 1.69114e+00 1.30364e+00
690 1.74633e+00 1.30364e+00
691 1.75200e+00 1.30362e+00
692 1.68431e+00 1.30360e+00
693 1.79318e+00 1.30358e+00
694 1.69132e+00 1.30357e+00
695 1.71026e+00 1.30356e+00
696 1.72224e+00 1.30355e+00
697 1.77095e+00 1.30355e+00
698 1.73478e+00 1.30352e+00
699 1.63839e+00 1.30351e+00
700 1.73900e+00 1.30350e+00
701 1.68296e+00 1.30348e+00
702 1.63297e+00 1.30349e+00
703 1.69040e+00 1.30347e+00
704 1.74345e+00 1.30345e+00
705 1.70546e+00 1.30343e+00
706 1.84577e+00 1.30340e+00
707 1.71059e+00 1.30339e+00
708 1.70809e+00 1.30336e+00
709 1.66346e+00 1.30334e+00
710 1.72364e+00 1.30332e+00
711 1.80162e+00 1.30330e+00
712 1.68943e+00 1.30328e+00
713 1.68704e+00 1.30326e+00
714 1.76153e+00 1.30325e+00
715 1.63924e+00 1.30323e+00
716 1.68491e+00 1.30323e+00
717 1.73189e+00 1.30322e+00
718 1.69216e+00 1.30321e+00
719 1.74449e+00 1.30319e+00
720 1.74326e+00 1.30317e+00
721 1.66284e+00 1.30318e+00
722 1.77820e+00 1.30317e+00
723 1.61831e+00 1.30315e+00
724 1.73991e+00 1.30313e+00
725 1.71615e+00 1.30313e+00
726 1.57101e+00 1.30311e+00
727 1.68254e+00 1.30310e+00
728 1.63684e+00 1.30308e+00
729 1.70884e+00 1.30306e+00
730 1.75175e+00 1.30304e+00
731 1.76569e+00 1.30302e+00
732 1.71373e+00 1.30301e+00
733 1.66714e+00 1.30301e+00
734 1.60142e+00 1.30301e+00
735 1.78429e+00 1.30299e+00
736 1.68889e+00 1.30299e+00
737 1.70899e+00 1.30297e+00
738 1.63381e+00 1.30296e+00
739 1.75074e+00 1.30295e+00
740 1.73828e+00 1.30296e+00
741 1.74145e+00 1.30296e+00
742 1.64065e+00 1.30294e+00
743 1.70758e+00 1.30293e+00
744 1.62845e+00 1.30293e+00
745 1.75529e+00 1.30294e+00
746 1.60747e+00 1.30293e+00
747 1.70334e+00 1.30293e+00
748 1.74222e+00 1.30292e+00
749 1.75560e+00 1.30290e+00
750 1.67570e+00 1.30288e+00
751 1.67735e+00 1.30287e+00
752 1.69155e+00 1.30287e+00
753 1.67933e+00 1.30286e+00
754 1.75869e+00 1.30285e+00
755 1.64903e+00 1.30284e+00
756 1.70956e+00 1.30283e+00
757 1.69636e+00 1.30281e+00
758 1.73784e+00 1.30279e+00
759 1.66726e+00 1.30278e+00
760 1.66276e+00 1.30276e+00
761 1.70550e+00 1.30275e+00
762 1.70032e+00 1.30274e+00
763 1.69492e+00 1.30272e+00
764 1.59573e+00 1.30270e+00
765 1.68858e+00 1.30267e+00
766 1.69123e+00 1.30266e+00
767 1.68600e+00 1.30265e+00
768 1.68136e+00 1.30266e+00
769 1.63412e+00 1.30266e+00
770 1.65513e+00 1.30264e+00
771 1.68923e+00 1.30263e+00
772 1.70887e+00 1.30261e+00
773 1.70322e+00 1.30260e+00
774 1.82931e+00 1.30260e+00
775 1.72324e+00 1.30258e+00
776 1.69554e+00 1.30259e+00
777 1.78048e+00 1.30258e+00
778 1.61477e+00 1.30257e+00
779 1.65828e+00 1.30255e+00
780 1.66234e+00 1.30254e+00
781 1.61661e+00 1.30252e+00
782 1.67316e+00 1.30251e+00
783 1.63657e+00 1.30251e+00
784 1.70925e+00 1.30249e+00
785 1.63845e+00 1.30248e+00
786 1.75347e+00 1.30247e+00
787 1.75071e+00 1.30246e+00
788 1.65836e+00 1.30246e+00
789 1.67513e+00 1.30243e+00
790 1.71958e+00 1.30241e+00
791 1.79939e+00 1.30240e+00
792 1.70425e+00 1.30240e+00
793 1.72496e+00 1.30238e+00
794 1.66240e+00 1.30236e+00
795 1.69306e+00 1.30236e+00
796 1.74389e+00 1.30235e+00
797 1.59374e+00 1.30234e+00
798 1.68253e+00 1.30233e+00
799 1.65780e+00 1.30231e+00
800 1.68772e+00 1.30230e+00
801 1.73067e+00 1.30229e+00
802 1.62682e+00 1.30228e+00
803 1.73352e+00 1.30229e+00
804 1.64037e+00 1.30230e+00
805 1.80508e+00 1.30228e+00
806 1.68946e+00 1.30227e+00
807 1.69861e+00 1.30225e+00
808 1.64891e+00 1.30224e+00
809 1.65873e+00 1.30223e+00
810 1.64927e+00 1.30224e+00
811 1.63571e+00 1.30222e+00
812 1.63723e+00 1.30221e+00
813 1.66930e+00 1.30221e+00
814 1.72530e+00 1.30219e+00
815 1.63299e+00 1.30218e+00
816 1.63322e+00 1.30217e+00
817 1.69650e+00 1.30216e+00
818 1.71489e+00 1.30215e+00
819 1.70159e+00 1.30214e+00
820 1.60652e+00 1.30212e+00
821 1.71461e+00 1.30211e+00
822 1.59534e+00 1.30211e+00
823 1.66537e+00 1.30211e+00
824 1.72506e+00 1.30210e+00
825 1.66301e+00 1.30209e+00
826 1.73142e+00 1.30208e+00
827 1.70562e+00 1.30207e+00
828 1.69556e+00 1.30207e+00
829 1.71021e+00 1.30207e+00
830 1.76044e+00 1.30206e+00
831 1.63301e+00 1.30205e+00
832 1.60371e+00 1.30204e+00
833 1.65099e+00 1.30205e+00
834 1.64665e+00 1.30204e+00
835 1.76148e+00 1.30205e+00
836 1.62644e+00 1.30204e+00
837 1.70305e+00 1.30202e+00
838 1.63840e+00 1.30203e+00
839 1.75467e+00 1.30202e+00
840 1.71534e+00 1.30201e+00
841 1.70648e+00 1.30200e+00
842 1.64629e+00 1.30198e+00
843 1.58060e+00 1.30198e+00
844 1.75741e+00 1.30198e+00
845 1.73736e+00 1.30198e+00
846 1.65651e+00 1.30197e+00
847 1.63888e+00 1.30196e+00
848 1.66485e+00 1.30196e+00
849 1.71234e+00 1.30197e+00
850 1.64414e+00 1.30196e+00
851 1.62803e+00 1.30196e+00
852 1.65303e+00 1.30196e+00
853 1.67022e+00 1.30195e+00
854 1.72894e+00 1.30194e+00
855 1.65885e+00 1.30193e+00
856 1.62228e+00 1.30192e+00
857 1.70117e+00 1.30193e+00
858 1.71043e+00 1.30191e+00
859 1.64362e+00 1.30190e+00
860 1.58480e+00 1.30188e+00
861 1.67076e+00 1.30187e+00
862 1.68539e+00 1.30187e+00
863 1.71565e+00 1.30186e+00
864 1.72215e+00 1.30187e+00
865 1.70271e+00 1.30186e+00
866 1.67490e+00 1.30186e+00
867 1.70916e+00 1.30188e+00
868 1.57668e+00 1.30187e+00
869 1.71705e+00 1.30187e+00
870 1.70753e+00 1.30188e+00
871 1.65617e+00 1.30187e+00
872 1.67525e+00 1.30186e+00
873 1.63875e+00 1.30186e+00
874 1.70392e+00 1.30185e+00
875 1.55703e+00 1.30186e+00
876 1.64604e+00 1.30186e+00
877 1.69664e+00 1.30186e+00
878 1.58373e+00 1.30186e+00
879 1.68163e+00 1.30185e+00
880 1.57309e+00 1.30183e+00
881 1.66674e+00 1.30183e+00
882 1.66338e+00 1.30182e+00
883 1.62532e+00 1.30183e+00
884 1.69402e+00 1.30184e+00
885 1.70306e+00 1.30184e+00
886 1.65969e+00 1.30185e+00
887 1.66121e+00 1.30184e+00
888 1.70429e+00 1.30183e+00
889 1.66812e+00 1.30183e+00
890 1.57901e+00 1.30184e+00
891 1.59732e+00 1.30184e+00
892 1.62397e+00 1.30185e+00
893 1.67338e+00 1.30186e+00
894 1.66444e+00 1.30186e+00
895 1.64817e+00 1.30184e+00
896 1.70245e+00 1.30185e+00
897 1.62649e+00 1.30186e+00
898 1.67180e+00 1.30186e+00
899 1.66572e+00 1.30187e+00
900 1.70575e+00 1.30187e+00
901 1.61634e+00 1.30187e+00
902 1.63498e+00 1.30186e+00
903 1.63932e+00 1.30186e+00
904 1.62775e+00 1.30188e+00
905 1.67437e+00 1.30188e+00
906 1.64759e+00 1.30187e+00
907 1.61478e+00 1.30187e+00
908 1.58174e+00 1.30188e+00
909 1.59910e+00 1.30189e+00
910 1.63853e+00 1.30188e+00
911 1.64168e+00 1.30188e+00
912 1.70970e+00 1.30187e+00
913 1.64814e+00 1.30186e+00
914 1.62982e+00 1.30186e+00
915 1.71886e+00 1.30187e+00
916 1.62904e+00 1.30187e+00
917 1.62588e+00 1.30187e+00
918 1.57328e+00 1.30187e+00
919 1.61335e+00 1.30189e+00
920 1.63162e+00 1.30189e+00
921 1.61530e+00 1.30188e+00
922 1.68382e+00 1.30186e+00
923 1.59418e+00 1.30186e+00
924 1.59664e+00 1.30185e+00
925 1.65809e+00 1.30184e+00
926 1.68920e+00 1.30184e+00
927 1.69428e+00 1.30181e+00
928 1.62937e+00 1.30180e+00
929 1.66642e+00 1.30179e+00
930 1.61368e+00 1.30179e+00
931 1.68340e+00 1.30183e+00
932 1.62277e+00 1.30182e+00
933 1.62515e+00 1.30182e+00
934 1.66836e+00 1.30182e+00
935 1.66875e+00 1.30181e+00
936 1.66621e+00 1.30180e+00
937 1.64296e+00 1.30180e+00
938 1.59521e+00 1.30180e+00
939 1.67716e+00 1.30182e+00
940 1.64657e+00 1.30181e+00
941 1.51257e+00 1.30181e+00
942 1.66359e+00 1.30181e+00
943 1.63952e+00 1.30179e+00
944 1.65796e+00 1.30179e+00
945 1.60850e+00 1.30178e+00
946 1.69233e+00 1.30176e+00
947 1.62003e+00 1.30176e+00
948 1.67212e+00 1.30176e+00
949 1.64423e+00 1.30175e+00
950 1.58875e+00 1.30175e+00
951 1.57103e+00 1.30173e+00
952 1.68915e+00 1.30172e+00
953 1.63753e+00 1.30171e+00
954 1.60701e+00 1.30173e+00
955 1.58902e+00 1.30171e+00
956 1.60414e+00 1.30170e+00
957 1.69380e+00 1.30169e+00
958 1.60375e+00 1.30170e+00
959 1.66031e+00 1.30169e+00
960 1.60314e+00 1.30169e+00
961 1.56468e+00 1.30170e+00
962 1.68026e+00 1.30170e+00
963 1.60593e+00 1.30169e+00
964 1.61390e+00 1.30168e+00
965 1.64475e+00 1.30170e+00
966 1.65765e+00 1.30170e+00
967 1.61767e+00 1.30171e+00
968 1.65353e+00 1.30170e+00
969 1.64744e+00 1.30169e+00
970 1.61147e+00 1.30167e+00
971 1.65519e+00 1.30165e+00
972 1.59325e+00 1.30166e+00
973 1.63139e+00 1.30165e+00
974 1.61705e+00 1.30165e+00
975 1.67527e+00 1.30165e+00
976 1.64816e+00 1.30163e+00
977 1.62598e+00 1.30162e+00
978 1.61474e+00 1.30161e+00
979 1.68516e+00 1.30161e+00
980 1.61455e+00 1.30161e+00
981 1.64438e+00 1.30159e+00
982 1.68398e+00 1.30159e+00
983 1.57806e+00 1.30160e+00
984 1.62505e+00 1.30159e+00
985 1.60744e+00 1.30158e+00
986 1.61153e+00 1.30156e+00
987 1.58221e+00 1.30156e+00
988 1.57657e+00 1.30154e+00
989 1.54407e+00 1.30154e+00
990 1.63381e+00 1.30153e+00
991 1.56705e+00 1.30153e+00
992 1.61091e+00 1.30151e+00
993 1.65053e+00 1.30151e+00
994 1.60603e+00 1.30150e+00
995 1.65555e+00 1.30149e+00
996 1.62726e+00 1.30146e+00
997 1.59472e+00 1.30145e+00
998 1.64092e+00 1.30145e+00
999 1.59514e+00 1.30145e+00
