training dataset: fesc_test
seed = 5
umFeatures = 7
Feature List: SFRs, Mstars, masses, redshifts, fgases, min_dist, t_lookback
fluxSize = 4
batch_size = 80
epochs     = 1000
0 epoch  1 train loss  2 test loss
0 1.37705e+00 1.26927e+00
1 1.30378e+00 1.24379e+00
2 1.24391e+00 1.21538e+00
3 1.21986e+00 1.16125e+00
4 1.20992e+00 1.13140e+00
5 1.18099e+00 1.12128e+00
6 1.17068e+00 1.12716e+00
7 1.13413e+00 1.12489e+00
8 1.13209e+00 1.09161e+00
9 1.12700e+00 1.09398e+00
10 1.12664e+00 1.10212e+00
11 1.11430e+00 1.08689e+00
12 1.11414e+00 1.07606e+00
13 1.10587e+00 1.08009e+00
14 1.07917e+00 1.07448e+00
15 1.11294e+00 1.08728e+00
16 1.09533e+00 1.07198e+00
17 1.09525e+00 1.06722e+00
18 1.09360e+00 1.06453e+00
19 1.08796e+00 1.07711e+00
20 1.09589e+00 1.07083e+00
21 1.08394e+00 1.07285e+00
22 1.07658e+00 1.07235e+00
23 1.10541e+00 1.06748e+00
24 1.07231e+00 1.07792e+00
25 1.06608e+00 1.05912e+00
26 1.07114e+00 1.05961e+00
27 1.05258e+00 1.06542e+00
28 1.07359e+00 1.06451e+00
29 1.05898e+00 1.05102e+00
30 1.04994e+00 1.06697e+00
31 1.07401e+00 1.06649e+00
32 1.05793e+00 1.05820e+00
33 1.06201e+00 1.04732e+00
34 1.06259e+00 1.04864e+00
35 1.02972e+00 1.05888e+00
36 1.04986e+00 1.04185e+00
37 1.05096e+00 1.03964e+00
38 1.05683e+00 1.04890e+00
39 1.04931e+00 1.05241e+00
40 1.05544e+00 1.04022e+00
41 1.04159e+00 1.05578e+00
42 1.02371e+00 1.05667e+00
43 1.05257e+00 1.04038e+00
44 1.04298e+00 1.05228e+00
45 1.03922e+00 1.06425e+00
46 1.04439e+00 1.05547e+00
47 1.03505e+00 1.05348e+00
48 1.00985e+00 1.04010e+00
49 1.04364e+00 1.05234e+00
50 1.03916e+00 1.04471e+00
51 1.03168e+00 1.06307e+00
52 1.01778e+00 1.08977e+00
53 1.02962e+00 1.04523e+00
54 1.03739e+00 1.05618e+00
55 1.03430e+00 1.05167e+00
56 1.01906e+00 1.04506e+00
57 1.00934e+00 1.04133e+00
58 1.04251e+00 1.05953e+00
59 1.02437e+00 1.05177e+00
60 1.00547e+00 1.04372e+00
61 1.03788e+00 1.04031e+00
62 1.02662e+00 1.04611e+00
63 1.02099e+00 1.06263e+00
64 9.97619e-01 1.03471e+00
65 1.00270e+00 1.03411e+00
66 1.00811e+00 1.05508e+00
67 1.01651e+00 1.06694e+00
68 1.01051e+00 1.06259e+00
69 1.00304e+00 1.03723e+00
70 9.93677e-01 1.06016e+00
71 1.01739e+00 1.05865e+00
72 1.00755e+00 1.04588e+00
73 9.86352e-01 1.07378e+00
74 1.01038e+00 1.04351e+00
75 1.00736e+00 1.04555e+00
76 1.02051e+00 1.06221e+00
77 1.00103e+00 1.05704e+00
78 1.02396e+00 1.03983e+00
79 1.02832e+00 1.05881e+00
80 9.99304e-01 1.03917e+00
81 9.79503e-01 1.04237e+00
82 1.00356e+00 1.05836e+00
83 9.76612e-01 1.03911e+00
84 9.92616e-01 1.07263e+00
85 9.96753e-01 1.04652e+00
86 9.84651e-01 1.04331e+00
87 9.95101e-01 1.03030e+00
88 1.00822e+00 1.07769e+00
89 1.00754e+00 1.05104e+00
90 9.86814e-01 1.04316e+00
91 9.74336e-01 1.07449e+00
92 1.00352e+00 1.07549e+00
93 9.89985e-01 1.05689e+00
94 9.81747e-01 1.04002e+00
95 9.61304e-01 1.07466e+00
96 1.00273e+00 1.05328e+00
97 9.88352e-01 1.05778e+00
98 9.90675e-01 1.06601e+00
99 9.76105e-01 1.06164e+00
100 9.91064e-01 1.04330e+00
101 9.87039e-01 1.04138e+00
102 9.75766e-01 1.05642e+00
103 9.88128e-01 1.07469e+00
104 9.67870e-01 1.04529e+00
105 9.67081e-01 1.04401e+00
106 9.70010e-01 1.04340e+00
107 9.67747e-01 1.04588e+00
108 9.65852e-01 1.05588e+00
109 9.71252e-01 1.02820e+00
110 9.82797e-01 1.05214e+00
111 9.68220e-01 1.05042e+00
112 9.82663e-01 1.03414e+00
113 9.70717e-01 1.04427e+00
114 9.85479e-01 1.03788e+00
115 9.76548e-01 1.03402e+00
116 9.66456e-01 1.03758e+00
117 9.77707e-01 1.05349e+00
118 9.78840e-01 1.04358e+00
119 9.65307e-01 1.04190e+00
120 9.59248e-01 1.03811e+00
121 9.59487e-01 1.05450e+00
122 9.67810e-01 1.05040e+00
123 9.58952e-01 1.06575e+00
124 9.57878e-01 1.03536e+00
125 9.66032e-01 1.03837e+00
126 9.56624e-01 1.05667e+00
127 9.68648e-01 1.04238e+00
128 9.63532e-01 1.04703e+00
129 9.76536e-01 1.07418e+00
130 9.69794e-01 1.04062e+00
131 9.53697e-01 1.04484e+00
132 9.59773e-01 1.05862e+00
133 9.56865e-01 1.03108e+00
134 9.49178e-01 1.03609e+00
135 9.59858e-01 1.04478e+00
136 9.49031e-01 1.05338e+00
137 9.40474e-01 1.03375e+00
138 9.42096e-01 1.04064e+00
139 9.62190e-01 1.05736e+00
140 9.55676e-01 1.05016e+00
141 9.43153e-01 1.03534e+00
142 9.69821e-01 1.05002e+00
143 9.50385e-01 1.07342e+00
144 9.60984e-01 1.07437e+00
145 9.56339e-01 1.05287e+00
146 9.51037e-01 1.03965e+00
147 9.53173e-01 1.03695e+00
148 9.57088e-01 1.05095e+00
149 9.55860e-01 1.04181e+00
150 9.42306e-01 1.04559e+00
151 9.44458e-01 1.03822e+00
152 9.34412e-01 1.04341e+00
153 9.55307e-01 1.06244e+00
154 9.54441e-01 1.03565e+00
155 9.58437e-01 1.04497e+00
156 9.59460e-01 1.03515e+00
157 9.53338e-01 1.03417e+00
158 9.38378e-01 1.04127e+00
159 9.35786e-01 1.04008e+00
160 9.52641e-01 1.04208e+00
161 9.40954e-01 1.05121e+00
162 9.47985e-01 1.04984e+00
163 9.52390e-01 1.03484e+00
164 9.42586e-01 1.04656e+00
165 9.39361e-01 1.03249e+00
166 9.69008e-01 1.03367e+00
167 9.53320e-01 1.02808e+00
168 9.56876e-01 1.09180e+00
169 9.54492e-01 1.04971e+00
170 9.54861e-01 1.04052e+00
171 9.31517e-01 1.05056e+00
172 9.42520e-01 1.05536e+00
173 9.60080e-01 1.05534e+00
174 9.53445e-01 1.04129e+00
175 9.32478e-01 1.06772e+00
176 9.42852e-01 1.05419e+00
177 9.33746e-01 1.04322e+00
178 9.49373e-01 1.04066e+00
179 9.15454e-01 1.05356e+00
180 9.33530e-01 1.04464e+00
181 9.44987e-01 1.03464e+00
182 9.39473e-01 1.04337e+00
183 9.27179e-01 1.04039e+00
184 9.46202e-01 1.04556e+00
185 9.36705e-01 1.03722e+00
186 9.46959e-01 1.06530e+00
187 9.38737e-01 1.04400e+00
188 9.27469e-01 1.04938e+00
189 9.40890e-01 1.04412e+00
190 9.40450e-01 1.04558e+00
191 9.30501e-01 1.05740e+00
192 9.24537e-01 1.04057e+00
193 9.34799e-01 1.05095e+00
194 9.18946e-01 1.04146e+00
195 9.18675e-01 1.05092e+00
196 9.36369e-01 1.06633e+00
197 9.47920e-01 1.05574e+00
198 9.15045e-01 1.04916e+00
199 9.32806e-01 1.09757e+00
200 9.45957e-01 1.03887e+00
201 9.37306e-01 1.04299e+00
202 9.37718e-01 1.05225e+00
203 9.21175e-01 1.05341e+00
204 9.38576e-01 1.04096e+00
205 9.21477e-01 1.07011e+00
206 9.32675e-01 1.04285e+00
207 9.37102e-01 1.03605e+00
208 9.42030e-01 1.05012e+00
209 9.14829e-01 1.03980e+00
210 9.21522e-01 1.04703e+00
211 9.29611e-01 1.07281e+00
212 9.30380e-01 1.04490e+00
213 9.43809e-01 1.04142e+00
214 9.16710e-01 1.04202e+00
215 9.26239e-01 1.04407e+00
216 9.32712e-01 1.04384e+00
217 9.10417e-01 1.04563e+00
218 9.21682e-01 1.05502e+00
219 9.26689e-01 1.06054e+00
220 9.12604e-01 1.06691e+00
221 9.40051e-01 1.07367e+00
222 9.26425e-01 1.06503e+00
223 9.06367e-01 1.06800e+00
224 9.36907e-01 1.06097e+00
225 9.22066e-01 1.04972e+00
226 9.32266e-01 1.05006e+00
227 9.31520e-01 1.05854e+00
228 9.19612e-01 1.05512e+00
229 9.25280e-01 1.05007e+00
230 9.27426e-01 1.04296e+00
231 9.18549e-01 1.04959e+00
232 9.09324e-01 1.05182e+00
233 9.06987e-01 1.05691e+00
234 9.14164e-01 1.04144e+00
235 9.19436e-01 1.04228e+00
236 9.15908e-01 1.04668e+00
237 9.25529e-01 1.04698e+00
238 8.97755e-01 1.05707e+00
239 9.32535e-01 1.05635e+00
240 9.19228e-01 1.04957e+00
241 9.13417e-01 1.06026e+00
242 9.41811e-01 1.04721e+00
243 8.96425e-01 1.04009e+00
244 9.09486e-01 1.06093e+00
245 9.29675e-01 1.05621e+00
246 8.93802e-01 1.06177e+00
247 8.87448e-01 1.05262e+00
248 9.01762e-01 1.04438e+00
249 8.91378e-01 1.04087e+00
250 9.21462e-01 1.04348e+00
251 9.05015e-01 1.06419e+00
252 9.10982e-01 1.05924e+00
253 9.19052e-01 1.07542e+00
254 9.03978e-01 1.04421e+00
255 9.17184e-01 1.05582e+00
256 8.97549e-01 1.05946e+00
257 9.22144e-01 1.05071e+00
258 8.91025e-01 1.06613e+00
259 9.15918e-01 1.07093e+00
260 8.91737e-01 1.06132e+00
261 9.12644e-01 1.05973e+00
262 9.12987e-01 1.05042e+00
263 9.00709e-01 1.05591e+00
264 9.02317e-01 1.05046e+00
265 9.08468e-01 1.05347e+00
266 8.97832e-01 1.04642e+00
267 9.10707e-01 1.04148e+00
268 8.98390e-01 1.06635e+00
269 8.88829e-01 1.05436e+00
270 8.87410e-01 1.04329e+00
271 8.90417e-01 1.05335e+00
272 9.13086e-01 1.06560e+00
273 8.82321e-01 1.05912e+00
274 8.93068e-01 1.04736e+00
275 8.91707e-01 1.05185e+00
276 9.02828e-01 1.04211e+00
277 9.04251e-01 1.07217e+00
278 9.16489e-01 1.05773e+00
279 9.13098e-01 1.04909e+00
280 9.04937e-01 1.04894e+00
281 9.09822e-01 1.03504e+00
282 8.91529e-01 1.03709e+00
283 8.94806e-01 1.04177e+00
284 8.80912e-01 1.07276e+00
285 8.85903e-01 1.05563e+00
286 8.87329e-01 1.05555e+00
287 9.07169e-01 1.06219e+00
288 9.03485e-01 1.05779e+00
289 8.79149e-01 1.05059e+00
290 8.87884e-01 1.06707e+00
291 8.93156e-01 1.06270e+00
292 8.85487e-01 1.05569e+00
293 8.95059e-01 1.03603e+00
294 8.83770e-01 1.05578e+00
295 9.01811e-01 1.07559e+00
296 9.04455e-01 1.04950e+00
297 8.93114e-01 1.04173e+00
298 8.70915e-01 1.03266e+00
299 9.11317e-01 1.03313e+00
300 8.95781e-01 1.04554e+00
301 8.92510e-01 1.04575e+00
302 8.76873e-01 1.04775e+00
303 8.89569e-01 1.04437e+00
304 8.77535e-01 1.05313e+00
305 8.92061e-01 1.04573e+00
306 8.94734e-01 1.05762e+00
307 8.81647e-01 1.04554e+00
308 9.01251e-01 1.05836e+00
309 8.93445e-01 1.03698e+00
310 9.06225e-01 1.06302e+00
311 8.78141e-01 1.04101e+00
312 8.99176e-01 1.03237e+00
313 8.82554e-01 1.03544e+00
314 8.79694e-01 1.04402e+00
315 8.87255e-01 1.04235e+00
316 8.75580e-01 1.04243e+00
317 8.66105e-01 1.03846e+00
318 8.76672e-01 1.04262e+00
319 8.91999e-01 1.03149e+00
320 8.85301e-01 1.03427e+00
321 8.94881e-01 1.05422e+00
322 8.86206e-01 1.04989e+00
323 8.82042e-01 1.07309e+00
324 8.81509e-01 1.06578e+00
325 8.76433e-01 1.03613e+00
326 8.72495e-01 1.04199e+00
327 8.77897e-01 1.05156e+00
328 8.67652e-01 1.02633e+00
329 8.56843e-01 1.02724e+00
330 8.90708e-01 1.01381e+00
331 8.69239e-01 1.02753e+00
332 8.68278e-01 1.03656e+00
333 8.68727e-01 1.02799e+00
334 8.82130e-01 1.03961e+00
335 8.59228e-01 1.04806e+00
336 8.53002e-01 1.03488e+00
337 8.73412e-01 1.03372e+00
338 8.60655e-01 1.06248e+00
339 8.72403e-01 1.03155e+00
340 8.63642e-01 1.04127e+00
341 8.76865e-01 1.03421e+00
342 8.71966e-01 1.04365e+00
343 8.68243e-01 1.03989e+00
344 8.57910e-01 1.04370e+00
345 8.67195e-01 1.03816e+00
346 8.80200e-01 1.01870e+00
347 8.86070e-01 1.03127e+00
348 8.53727e-01 1.03189e+00
349 8.75780e-01 1.06238e+00
350 8.78007e-01 1.04184e+00
351 8.58067e-01 1.03861e+00
352 8.52539e-01 1.03899e+00
353 8.57976e-01 1.04286e+00
354 8.71751e-01 1.04714e+00
355 8.54289e-01 1.03286e+00
356 8.64779e-01 1.01993e+00
357 8.68812e-01 1.02434e+00
358 8.37874e-01 1.04076e+00
359 8.69342e-01 1.03871e+00
360 8.61900e-01 1.05115e+00
361 8.62589e-01 1.02535e+00
362 8.50643e-01 1.02561e+00
363 8.58204e-01 1.02481e+00
364 8.70927e-01 1.01643e+00
365 8.40218e-01 1.01781e+00
366 8.91895e-01 1.02994e+00
367 8.65353e-01 1.04180e+00
368 8.56657e-01 1.01923e+00
369 8.34822e-01 1.01319e+00
370 8.38016e-01 1.01119e+00
371 8.57714e-01 1.02971e+00
372 8.50744e-01 1.02826e+00
373 8.29531e-01 1.03398e+00
374 8.45495e-01 1.02310e+00
375 8.56142e-01 1.02562e+00
376 8.60326e-01 1.04014e+00
377 8.48474e-01 1.03952e+00
378 8.58330e-01 1.04902e+00
379 8.54052e-01 1.04616e+00
380 8.49913e-01 1.03289e+00
381 8.45246e-01 1.02599e+00
382 8.49951e-01 1.04012e+00
383 8.53428e-01 1.04313e+00
384 8.56210e-01 1.03630e+00
385 8.51438e-01 1.03210e+00
386 8.14804e-01 1.03791e+00
387 8.40812e-01 1.01837e+00
388 8.46836e-01 1.03637e+00
389 8.45141e-01 1.05044e+00
390 8.48702e-01 1.03577e+00
391 8.46381e-01 1.04325e+00
392 8.23834e-01 1.04052e+00
393 8.30482e-01 1.03827e+00
394 8.51651e-01 1.02491e+00
395 8.67006e-01 1.05376e+00
396 8.48173e-01 1.03126e+00
397 8.28981e-01 1.04172e+00
398 8.52650e-01 1.04470e+00
399 8.39843e-01 1.01876e+00
400 8.46504e-01 1.03049e+00
401 8.33116e-01 1.01348e+00
402 8.38325e-01 1.03270e+00
403 8.39867e-01 1.05350e+00
404 8.34545e-01 1.02600e+00
405 8.24993e-01 1.03016e+00
406 8.50690e-01 1.02121e+00
407 8.44049e-01 1.02202e+00
408 8.22850e-01 1.03193e+00
409 8.27655e-01 1.03431e+00
410 8.35794e-01 1.04107e+00
411 8.45509e-01 1.03340e+00
412 8.23947e-01 1.03411e+00
413 8.31630e-01 1.04469e+00
414 8.32434e-01 1.02292e+00
415 8.35402e-01 1.04842e+00
416 8.40461e-01 1.04345e+00
417 8.42751e-01 1.02500e+00
418 8.55963e-01 1.03109e+00
419 8.31281e-01 1.02680e+00
420 8.35649e-01 1.01434e+00
421 8.54024e-01 1.01613e+00
422 8.32127e-01 1.01589e+00
423 8.42320e-01 1.01407e+00
424 8.41762e-01 1.02261e+00
425 8.36514e-01 1.04031e+00
426 8.10775e-01 1.03143e+00
427 8.36406e-01 1.03112e+00
428 8.18119e-01 1.01018e+00
429 8.28860e-01 1.01086e+00
430 8.25846e-01 1.03147e+00
431 8.19124e-01 1.02600e+00
432 8.25072e-01 1.03318e+00
433 8.33897e-01 1.01593e+00
434 8.29737e-01 1.00822e+00
435 8.13014e-01 1.03258e+00
436 8.08474e-01 1.01569e+00
437 8.10225e-01 1.00549e+00
438 8.44799e-01 1.03615e+00
439 8.23741e-01 9.99262e-01
440 8.20899e-01 1.02127e+00
441 8.46990e-01 1.04245e+00
442 8.14382e-01 1.03518e+00
443 8.12367e-01 1.02289e+00
444 8.09075e-01 1.01836e+00
445 8.22846e-01 1.02057e+00
446 8.47301e-01 1.01280e+00
447 8.25577e-01 1.02968e+00
448 8.32073e-01 1.03053e+00
449 8.16808e-01 1.04266e+00
450 8.15960e-01 1.03033e+00
451 8.14259e-01 1.03313e+00
452 8.03233e-01 1.03459e+00
453 8.30359e-01 1.02065e+00
454 8.00146e-01 1.04133e+00
455 8.16885e-01 1.03277e+00
456 8.01218e-01 1.03120e+00
457 8.19155e-01 1.04342e+00
458 8.20955e-01 1.03642e+00
459 8.49598e-01 1.00744e+00
460 8.23200e-01 1.01628e+00
461 8.25111e-01 1.02048e+00
462 8.12106e-01 1.01178e+00
463 8.11057e-01 1.03444e+00
464 8.12690e-01 1.02866e+00
465 8.18499e-01 1.00873e+00
466 8.27901e-01 1.01628e+00
467 8.12490e-01 1.03475e+00
468 8.41645e-01 1.01232e+00
469 8.23834e-01 1.01322e+00
470 8.08106e-01 1.03295e+00
471 8.33157e-01 1.01293e+00
472 8.14471e-01 1.01595e+00
473 8.10148e-01 1.02829e+00
474 8.23941e-01 1.01447e+00
475 8.15445e-01 1.02192e+00
476 7.90140e-01 1.02770e+00
477 7.94013e-01 1.04956e+00
478 8.07451e-01 1.03225e+00
479 8.06413e-01 1.02381e+00
480 8.16600e-01 1.07821e+00
481 8.12210e-01 1.02978e+00
482 7.96892e-01 1.05698e+00
483 8.19674e-01 1.00840e+00
484 8.12807e-01 1.01400e+00
485 7.99783e-01 1.03308e+00
486 7.98657e-01 1.03470e+00
487 7.78503e-01 1.02428e+00
488 8.13392e-01 1.01976e+00
489 8.06899e-01 1.01779e+00
490 7.83780e-01 1.03430e+00
491 8.10040e-01 1.04599e+00
492 7.87694e-01 1.02495e+00
493 8.00557e-01 1.04005e+00
494 8.11330e-01 1.00033e+00
495 8.28220e-01 1.02070e+00
496 8.13899e-01 9.94339e-01
497 7.99344e-01 1.00037e+00
498 7.93288e-01 1.05581e+00
499 8.01790e-01 1.03794e+00
500 7.90543e-01 1.01860e+00
501 8.15231e-01 1.01172e+00
502 8.05656e-01 1.02400e+00
503 8.07823e-01 1.05951e+00
504 8.18863e-01 1.02333e+00
505 8.01279e-01 1.01183e+00
506 8.23861e-01 1.00589e+00
507 7.96844e-01 1.01601e+00
508 8.00424e-01 1.03011e+00
509 8.08217e-01 1.00780e+00
510 8.02116e-01 1.02004e+00
511 8.06297e-01 1.01700e+00
512 7.97897e-01 1.01337e+00
513 8.03212e-01 1.00894e+00
514 8.01264e-01 1.03281e+00
515 7.74637e-01 1.01466e+00
516 7.93669e-01 1.02413e+00
517 7.94843e-01 1.02317e+00
518 8.21216e-01 1.06984e+00
519 8.20453e-01 1.02981e+00
520 8.08644e-01 1.01804e+00
521 7.82406e-01 1.02346e+00
522 7.94101e-01 1.02858e+00
523 7.85769e-01 1.00255e+00
524 7.98260e-01 1.02118e+00
525 7.81121e-01 1.00949e+00
526 7.86300e-01 1.02232e+00
527 7.89334e-01 1.04448e+00
528 7.99695e-01 1.01702e+00
529 8.16928e-01 1.03791e+00
530 8.05101e-01 1.02885e+00
531 7.99944e-01 1.01457e+00
532 7.85035e-01 1.04680e+00
533 7.82373e-01 1.02534e+00
534 7.97617e-01 1.04641e+00
535 8.06340e-01 1.01215e+00
536 7.87446e-01 1.03529e+00
537 7.84218e-01 1.03566e+00
538 8.23668e-01 1.02846e+00
539 7.99599e-01 1.02408e+00
540 7.89456e-01 1.03659e+00
541 7.95073e-01 1.00352e+00
542 7.86812e-01 1.01391e+00
543 7.82964e-01 9.93675e-01
544 7.77949e-01 1.00644e+00
545 8.02740e-01 1.00787e+00
546 7.79982e-01 1.02264e+00
547 7.67199e-01 1.00993e+00
548 7.86690e-01 1.01195e+00
549 8.03942e-01 1.01822e+00
550 7.61536e-01 1.01928e+00
551 7.77688e-01 1.00654e+00
552 7.81676e-01 1.01001e+00
553 7.67473e-01 1.01914e+00
554 7.70666e-01 1.01543e+00
555 8.03947e-01 1.00675e+00
556 7.66406e-01 9.99103e-01
557 7.84400e-01 1.03268e+00
558 7.71247e-01 1.03752e+00
559 7.78859e-01 1.02622e+00
560 7.92190e-01 1.02943e+00
561 7.82667e-01 1.03468e+00
562 7.85831e-01 1.01521e+00
563 7.65858e-01 1.03280e+00
564 7.98845e-01 1.02345e+00
565 7.60059e-01 1.03245e+00
566 7.79041e-01 1.05717e+00
567 7.78344e-01 1.04215e+00
568 7.79468e-01 1.03598e+00
569 7.65446e-01 1.04238e+00
570 7.69875e-01 9.97030e-01
571 7.65203e-01 1.02740e+00
572 7.66309e-01 1.01933e+00
573 7.67777e-01 1.01832e+00
574 7.86591e-01 1.00180e+00
575 7.65124e-01 1.05576e+00
576 7.90389e-01 1.04840e+00
577 7.81090e-01 1.01611e+00
578 7.71279e-01 1.04564e+00
579 8.20582e-01 1.02106e+00
580 7.90448e-01 1.02218e+00
581 8.08886e-01 1.01363e+00
582 7.82922e-01 1.03566e+00
583 7.94452e-01 1.02188e+00
584 7.99418e-01 1.05789e+00
585 7.85226e-01 1.03286e+00
586 7.44874e-01 1.05463e+00
587 7.87252e-01 1.04800e+00
588 7.64808e-01 1.00892e+00
589 7.62140e-01 1.02700e+00
590 7.81035e-01 1.00712e+00
591 7.81525e-01 1.03360e+00
592 7.94221e-01 1.03510e+00
593 7.54856e-01 1.03261e+00
594 7.63226e-01 1.07921e+00
595 7.72500e-01 1.01691e+00
596 7.75747e-01 1.01111e+00
597 8.11054e-01 9.84451e-01
598 7.60721e-01 9.92135e-01
599 7.69539e-01 1.02565e+00
600 7.63535e-01 1.01699e+00
601 7.55769e-01 1.04789e+00
602 7.78206e-01 1.02670e+00
603 7.68880e-01 1.04885e+00
604 7.62984e-01 1.01535e+00
605 7.65743e-01 1.01772e+00
606 7.75069e-01 1.02429e+00
607 7.63382e-01 1.03511e+00
608 7.50116e-01 1.02087e+00
609 7.90473e-01 1.02359e+00
610 7.81614e-01 1.02687e+00
611 7.68219e-01 1.04985e+00
612 8.02747e-01 1.03949e+00
613 7.97541e-01 1.02218e+00
614 7.88671e-01 1.00338e+00
615 8.04567e-01 1.02502e+00
616 7.73728e-01 1.00194e+00
617 7.80692e-01 1.01389e+00
618 7.55254e-01 1.03889e+00
619 7.45941e-01 1.03948e+00
620 7.68763e-01 1.02192e+00
621 7.46148e-01 1.02247e+00
622 7.66420e-01 1.03860e+00
623 7.47116e-01 1.03805e+00
624 7.50911e-01 1.02336e+00
625 7.63834e-01 1.02532e+00
626 7.50486e-01 1.04333e+00
627 7.50653e-01 1.01710e+00
628 7.77300e-01 1.05804e+00
629 7.96446e-01 1.07445e+00
630 7.77195e-01 1.05387e+00
631 7.70678e-01 1.03737e+00
632 7.46045e-01 1.03909e+00
633 7.71171e-01 1.04762e+00
634 7.49364e-01 1.02224e+00
635 7.60425e-01 1.03957e+00
636 7.62023e-01 1.04858e+00
637 7.42211e-01 1.02589e+00
638 7.40471e-01 1.02996e+00
639 7.55180e-01 1.02325e+00
640 7.42889e-01 1.04636e+00
641 7.61849e-01 1.04343e+00
642 7.55299e-01 1.06662e+00
643 7.65310e-01 1.05763e+00
644 7.43156e-01 1.02299e+00
645 7.64041e-01 1.02250e+00
646 7.41242e-01 1.05668e+00
647 7.64215e-01 1.03632e+00
648 7.65178e-01 1.04438e+00
649 7.72504e-01 1.02840e+00
650 7.32267e-01 1.04645e+00
651 7.56129e-01 1.08750e+00
652 7.53830e-01 1.04562e+00
653 7.90087e-01 1.04015e+00
654 7.65394e-01 1.03001e+00
655 7.81438e-01 1.05002e+00
656 7.61828e-01 1.02698e+00
657 7.41389e-01 1.02785e+00
658 7.42160e-01 1.02327e+00
659 7.64874e-01 1.02717e+00
660 7.61703e-01 1.05623e+00
661 7.58176e-01 1.07524e+00
662 7.37045e-01 1.04883e+00
663 7.53159e-01 1.02966e+00
664 7.38084e-01 1.05603e+00
665 7.38063e-01 1.05600e+00
666 7.47291e-01 1.05207e+00
667 7.42558e-01 1.03844e+00
668 7.55533e-01 1.05005e+00
669 7.60575e-01 1.05277e+00
670 7.42974e-01 1.02689e+00
671 7.22910e-01 1.03669e+00
672 7.24070e-01 1.02675e+00
673 7.54709e-01 1.05206e+00
674 7.43326e-01 1.05403e+00
675 7.72695e-01 1.05880e+00
676 7.42335e-01 1.04790e+00
677 7.67185e-01 1.03456e+00
678 7.36225e-01 1.03883e+00
679 7.57362e-01 1.01004e+00
680 7.32599e-01 1.03213e+00
681 7.51799e-01 1.01934e+00
682 7.25243e-01 1.02893e+00
683 7.14851e-01 1.03145e+00
684 7.28049e-01 1.03742e+00
685 7.73109e-01 1.02952e+00
686 7.59322e-01 1.00979e+00
687 7.44452e-01 1.00715e+00
688 6.99318e-01 1.03194e+00
689 7.14532e-01 1.05569e+00
690 7.39350e-01 1.04166e+00
691 8.24139e-01 1.05160e+00
692 8.09589e-01 1.01241e+00
693 7.85465e-01 1.03398e+00
694 7.58792e-01 1.04212e+00
695 7.42200e-01 1.03847e+00
696 7.39046e-01 1.06045e+00
697 7.34365e-01 1.05711e+00
698 7.55081e-01 1.05593e+00
699 7.45448e-01 1.01872e+00
700 7.40793e-01 1.02108e+00
701 7.38651e-01 1.01956e+00
702 7.32220e-01 1.04872e+00
703 7.35071e-01 1.01985e+00
704 7.53560e-01 1.04304e+00
705 7.29606e-01 1.02562e+00
706 7.66529e-01 1.04817e+00
707 7.20823e-01 1.05238e+00
708 7.40949e-01 1.02300e+00
709 7.34889e-01 1.03602e+00
710 7.09520e-01 1.02600e+00
711 7.28010e-01 1.00971e+00
712 7.37857e-01 1.04595e+00
713 7.51716e-01 1.04169e+00
714 7.45652e-01 1.02871e+00
715 7.14507e-01 1.05192e+00
716 7.14028e-01 1.05839e+00
717 7.52931e-01 1.05487e+00
718 7.39680e-01 1.02000e+00
719 7.17284e-01 1.02341e+00
720 7.33745e-01 1.00727e+00
721 7.23907e-01 1.04540e+00
722 7.53160e-01 1.03171e+00
723 7.00599e-01 1.05366e+00
724 7.36813e-01 1.04310e+00
725 7.29947e-01 1.04120e+00
726 7.15061e-01 1.04371e+00
727 7.50781e-01 1.04459e+00
728 7.55441e-01 1.04545e+00
729 7.61869e-01 1.04262e+00
730 7.64378e-01 1.03270e+00
731 7.19253e-01 1.06148e+00
732 7.30209e-01 1.05794e+00
733 7.35294e-01 1.02230e+00
734 7.17018e-01 1.02427e+00
735 7.28606e-01 1.05174e+00
736 7.27565e-01 1.06904e+00
737 7.22338e-01 1.04194e+00
738 7.39540e-01 1.02824e+00
739 7.44929e-01 1.01630e+00
740 7.08347e-01 1.03651e+00
741 7.11446e-01 1.04521e+00
742 7.27289e-01 1.05804e+00
743 7.24833e-01 1.03831e+00
744 7.47792e-01 1.02510e+00
745 7.30110e-01 1.06195e+00
746 7.56108e-01 1.07905e+00
747 7.17626e-01 1.04066e+00
748 6.91165e-01 1.03569e+00
749 7.18047e-01 1.05511e+00
750 7.16187e-01 1.03289e+00
751 6.92344e-01 1.05708e+00
752 7.43137e-01 1.04774e+00
753 6.97922e-01 1.06291e+00
754 6.97826e-01 1.05789e+00
755 7.31698e-01 1.03408e+00
756 7.29185e-01 1.05214e+00
757 7.17325e-01 1.04123e+00
758 7.11424e-01 1.05149e+00
759 7.21385e-01 1.04427e+00
760 7.56072e-01 1.04782e+00
761 7.06402e-01 1.07399e+00
762 7.49980e-01 1.05983e+00
763 7.08849e-01 1.07055e+00
764 7.25480e-01 1.04898e+00
765 6.99815e-01 1.06836e+00
766 7.20828e-01 1.03619e+00
767 7.42753e-01 1.03059e+00
768 7.40686e-01 1.01918e+00
769 7.09815e-01 1.08679e+00
770 7.31271e-01 1.05428e+00
771 7.10280e-01 1.04942e+00
772 7.17053e-01 1.02773e+00
773 6.87751e-01 1.04289e+00
774 7.63386e-01 1.05745e+00
775 7.01356e-01 1.04423e+00
776 7.22089e-01 1.08575e+00
777 7.25490e-01 1.03074e+00
778 7.08728e-01 1.03548e+00
779 7.07511e-01 1.02125e+00
780 6.96256e-01 1.04826e+00
781 7.10539e-01 1.01696e+00
782 7.28045e-01 1.01765e+00
783 7.32712e-01 1.04459e+00
784 7.38312e-01 1.06302e+00
785 7.03830e-01 1.07698e+00
786 7.02808e-01 1.02848e+00
787 6.74906e-01 1.04622e+00
788 7.16164e-01 1.04141e+00
789 6.98386e-01 1.04382e+00
790 7.00872e-01 1.06497e+00
791 7.07609e-01 1.04709e+00
792 7.41936e-01 1.05241e+00
793 7.45944e-01 1.05501e+00
794 7.24194e-01 1.03325e+00
795 7.57704e-01 1.03047e+00
796 7.26376e-01 1.00357e+00
797 6.82224e-01 1.06007e+00
798 7.46259e-01 1.09604e+00
799 7.22429e-01 1.05654e+00
800 6.85885e-01 1.05906e+00
801 7.15012e-01 1.05520e+00
802 7.15412e-01 1.04817e+00
803 7.14926e-01 1.04408e+00
804 6.86548e-01 1.11427e+00
805 7.12594e-01 1.08208e+00
806 7.29839e-01 1.06976e+00
807 6.88641e-01 1.08234e+00
808 7.16025e-01 1.05811e+00
809 7.12849e-01 1.06761e+00
810 7.07331e-01 1.07592e+00
811 6.93910e-01 1.05393e+00
812 7.52071e-01 1.07532e+00
813 7.12757e-01 1.08490e+00
814 7.36258e-01 1.05671e+00
815 6.83788e-01 1.07989e+00
816 6.92183e-01 1.04627e+00
817 7.03341e-01 1.04715e+00
818 6.82260e-01 1.09269e+00
819 7.02195e-01 1.09228e+00
820 7.17648e-01 1.10610e+00
821 6.76047e-01 1.09699e+00
822 6.91120e-01 1.08253e+00
823 6.71184e-01 1.08825e+00
824 7.27277e-01 1.04636e+00
825 7.18887e-01 1.03620e+00
826 7.03142e-01 1.05595e+00
827 7.22636e-01 1.10873e+00
828 7.05153e-01 1.08367e+00
829 6.77712e-01 1.10332e+00
830 7.32842e-01 1.06287e+00
831 7.07236e-01 1.05345e+00
832 6.99817e-01 1.07637e+00
833 7.08706e-01 1.07543e+00
834 6.98581e-01 1.08604e+00
835 6.89588e-01 1.08744e+00
836 6.96814e-01 1.05802e+00
837 6.91878e-01 1.08379e+00
838 7.00563e-01 1.04507e+00
839 7.00913e-01 1.05587e+00
840 7.00810e-01 1.06947e+00
841 6.83099e-01 1.09569e+00
842 7.35147e-01 1.03954e+00
843 6.77318e-01 1.09073e+00
844 7.26787e-01 1.05769e+00
845 7.08890e-01 1.08944e+00
846 7.14693e-01 1.09055e+00
847 7.01975e-01 1.05374e+00
848 7.22229e-01 1.05828e+00
849 7.16362e-01 1.06853e+00
850 6.84780e-01 1.03344e+00
851 6.77006e-01 1.05597e+00
852 7.46707e-01 1.06926e+00
853 6.81615e-01 1.10029e+00
854 7.22420e-01 1.07692e+00
855 7.29044e-01 1.06541e+00
856 7.08526e-01 1.07399e+00
857 6.83167e-01 1.04883e+00
858 7.04051e-01 1.04317e+00
859 6.92801e-01 1.04157e+00
860 6.81671e-01 1.06396e+00
861 7.22191e-01 1.05018e+00
862 7.02749e-01 1.08196e+00
863 7.03224e-01 1.04766e+00
864 7.11244e-01 1.04609e+00
865 7.18927e-01 1.04591e+00
866 6.88886e-01 1.07589e+00
867 6.83612e-01 1.09282e+00
868 6.87714e-01 1.06227e+00
869 6.82716e-01 1.10542e+00
870 6.98793e-01 1.10310e+00
871 6.97735e-01 1.06424e+00
872 7.10735e-01 1.09626e+00
873 6.74718e-01 1.08498e+00
874 6.68295e-01 1.09313e+00
875 6.99787e-01 1.04820e+00
876 7.07600e-01 1.06136e+00
877 6.74130e-01 1.08471e+00
878 7.03387e-01 1.09354e+00
879 7.17626e-01 1.03641e+00
880 7.15832e-01 1.02702e+00
881 6.76251e-01 1.09025e+00
882 6.95198e-01 1.09044e+00
883 7.01749e-01 1.11368e+00
884 6.97728e-01 1.10061e+00
885 7.16310e-01 1.07178e+00
886 7.05569e-01 1.08162e+00
887 6.51667e-01 1.12165e+00
888 6.79109e-01 1.08335e+00
889 7.09286e-01 1.07534e+00
890 6.91638e-01 1.07666e+00
891 7.07320e-01 1.09947e+00
892 6.83565e-01 1.05442e+00
893 6.91671e-01 1.04407e+00
894 7.09637e-01 1.08763e+00
895 6.96641e-01 1.05713e+00
896 7.24055e-01 1.08286e+00
897 7.05569e-01 1.11140e+00
898 6.95360e-01 1.05500e+00
899 7.18883e-01 1.08143e+00
900 7.12939e-01 1.10719e+00
901 6.83665e-01 1.09734e+00
902 6.96893e-01 1.07929e+00
903 7.01128e-01 1.09432e+00
904 6.98710e-01 1.09851e+00
905 7.07313e-01 1.08030e+00
906 6.42790e-01 1.08829e+00
907 6.78768e-01 1.12740e+00
908 6.93852e-01 1.10181e+00
909 6.82490e-01 1.11686e+00
910 6.54774e-01 1.07139e+00
911 6.89978e-01 1.09945e+00
912 6.64308e-01 1.06224e+00
913 6.59754e-01 1.11053e+00
914 6.62617e-01 1.11917e+00
915 7.28899e-01 1.09940e+00
916 7.07480e-01 1.12680e+00
917 7.01210e-01 1.10711e+00
918 6.90063e-01 1.17812e+00
919 6.73787e-01 1.08597e+00
920 6.47386e-01 1.13868e+00
921 6.91876e-01 1.11121e+00
922 6.62081e-01 1.10182e+00
923 6.76764e-01 1.09950e+00
924 6.67604e-01 1.09745e+00
925 6.72416e-01 1.08238e+00
926 6.88696e-01 1.11451e+00
927 6.99620e-01 1.12816e+00
928 6.87668e-01 1.08245e+00
929 7.01119e-01 1.08289e+00
930 7.12710e-01 1.04456e+00
931 6.97068e-01 1.08787e+00
932 6.78335e-01 1.08830e+00
933 6.85991e-01 1.10657e+00
934 6.74979e-01 1.09175e+00
935 6.65698e-01 1.14269e+00
936 7.07960e-01 1.09871e+00
937 6.89765e-01 1.12510e+00
938 6.51645e-01 1.10562e+00
939 6.78284e-01 1.10704e+00
940 6.54629e-01 1.13928e+00
941 6.69412e-01 1.08845e+00
942 6.90114e-01 1.10166e+00
943 6.57679e-01 1.09917e+00
944 6.62221e-01 1.04544e+00
945 6.76406e-01 1.09813e+00
946 7.01507e-01 1.07331e+00
947 6.41747e-01 1.12151e+00
948 6.49907e-01 1.12997e+00
949 6.81346e-01 1.08900e+00
950 6.65401e-01 1.12324e+00
951 6.46026e-01 1.12032e+00
952 6.74954e-01 1.13899e+00
953 6.81632e-01 1.10550e+00
954 6.31760e-01 1.12711e+00
955 6.54448e-01 1.11507e+00
956 6.78584e-01 1.12608e+00
957 6.56880e-01 1.08164e+00
958 6.58890e-01 1.10080e+00
959 6.69580e-01 1.10434e+00
960 6.58344e-01 1.14227e+00
961 6.72965e-01 1.14752e+00
962 6.71029e-01 1.14005e+00
963 6.17782e-01 1.13266e+00
964 6.75357e-01 1.13202e+00
965 6.79231e-01 1.14407e+00
966 6.76027e-01 1.11396e+00
967 6.50613e-01 1.12066e+00
968 6.82691e-01 1.11188e+00
969 6.69104e-01 1.13202e+00
970 6.45257e-01 1.11815e+00
971 6.93442e-01 1.14387e+00
972 6.82196e-01 1.14833e+00
973 6.31135e-01 1.10305e+00
974 7.02196e-01 1.08570e+00
975 6.54011e-01 1.09250e+00
976 6.58823e-01 1.13638e+00
977 6.79514e-01 1.14812e+00
978 6.83705e-01 1.13079e+00
979 7.25903e-01 1.11638e+00
980 6.96558e-01 1.12447e+00
981 6.80800e-01 1.13153e+00
982 6.70440e-01 1.13848e+00
983 6.74540e-01 1.14457e+00
984 7.07958e-01 1.11289e+00
985 6.55048e-01 1.13432e+00
986 6.63886e-01 1.13451e+00
987 6.94416e-01 1.11480e+00
988 6.65733e-01 1.12175e+00
989 6.83052e-01 1.15061e+00
990 6.58974e-01 1.13315e+00
991 6.30798e-01 1.12649e+00
992 6.60169e-01 1.09993e+00
993 6.93458e-01 1.15611e+00
994 6.42792e-01 1.12211e+00
995 6.58117e-01 1.08859e+00
996 6.76869e-01 1.09255e+00
997 6.77627e-01 1.13646e+00
998 6.48140e-01 1.12042e+00
999 6.90618e-01 1.11444e+00
