training dataset: fesc_test
seed = 5
umFeatures = 7
Feature List: SFRs, Mstars, masses, redshifts, fgases, min_dist, t_lookback
fluxSize = 4
batch_size = 80
epochs     = 1000
0 epoch  1 train loss  2 test loss
0 1.99183e+00 1.36592e+00
1 1.90693e+00 1.36545e+00
2 1.96765e+00 1.36525e+00
3 1.97909e+00 1.36498e+00
4 1.95268e+00 1.36484e+00
5 1.92788e+00 1.36443e+00
6 1.96733e+00 1.36403e+00
7 1.93741e+00 1.36359e+00
8 2.01022e+00 1.36335e+00
9 2.07397e+00 1.36325e+00
10 2.13369e+00 1.36312e+00
11 1.92430e+00 1.36262e+00
12 2.01348e+00 1.36246e+00
13 1.97271e+00 1.36230e+00
14 1.99240e+00 1.36181e+00
15 1.95141e+00 1.36171e+00
16 2.00375e+00 1.36127e+00
17 2.04548e+00 1.36118e+00
18 1.90380e+00 1.36077e+00
19 1.92514e+00 1.36062e+00
20 1.93849e+00 1.36026e+00
21 2.00114e+00 1.35999e+00
22 1.99613e+00 1.35972e+00
23 1.97480e+00 1.35954e+00
24 1.94570e+00 1.35929e+00
25 2.01761e+00 1.35896e+00
26 1.90966e+00 1.35858e+00
27 2.00930e+00 1.35823e+00
28 1.90421e+00 1.35781e+00
29 1.99014e+00 1.35774e+00
30 1.87695e+00 1.35751e+00
31 1.95622e+00 1.35723e+00
32 2.05187e+00 1.35691e+00
33 2.00608e+00 1.35671e+00
34 1.89674e+00 1.35651e+00
35 1.98909e+00 1.35618e+00
36 1.98228e+00 1.35591e+00
37 1.87214e+00 1.35572e+00
38 1.97614e+00 1.35555e+00
39 1.87311e+00 1.35549e+00
40 1.94988e+00 1.35549e+00
41 1.83308e+00 1.35526e+00
42 1.96972e+00 1.35518e+00
43 2.00073e+00 1.35460e+00
44 1.93199e+00 1.35409e+00
45 2.03959e+00 1.35405e+00
46 1.90928e+00 1.35401e+00
47 1.95512e+00 1.35361e+00
48 1.98018e+00 1.35351e+00
49 1.81121e+00 1.35337e+00
50 1.88630e+00 1.35326e+00
51 1.90146e+00 1.35317e+00
52 1.87710e+00 1.35296e+00
53 1.95315e+00 1.35294e+00
54 1.96921e+00 1.35286e+00
55 2.03580e+00 1.35262e+00
56 1.92367e+00 1.35257e+00
57 1.97949e+00 1.35238e+00
58 1.86580e+00 1.35211e+00
59 1.85250e+00 1.35199e+00
60 1.96790e+00 1.35201e+00
61 1.95288e+00 1.35185e+00
62 1.90222e+00 1.35188e+00
63 1.85073e+00 1.35199e+00
64 2.00022e+00 1.35177e+00
65 1.92216e+00 1.35156e+00
66 2.03882e+00 1.35141e+00
67 1.92256e+00 1.35128e+00
68 1.85155e+00 1.35124e+00
69 1.93350e+00 1.35115e+00
70 2.06758e+00 1.35103e+00
71 1.97334e+00 1.35090e+00
72 1.97443e+00 1.35072e+00
73 2.01402e+00 1.35066e+00
74 1.93558e+00 1.35053e+00
75 1.94360e+00 1.35029e+00
76 2.02695e+00 1.35018e+00
77 2.00525e+00 1.35004e+00
78 1.92248e+00 1.34956e+00
79 2.03307e+00 1.34941e+00
80 2.06208e+00 1.34940e+00
81 1.84150e+00 1.34925e+00
82 2.07415e+00 1.34893e+00
83 1.94162e+00 1.34898e+00
84 1.83824e+00 1.34877e+00
85 1.94282e+00 1.34881e+00
86 1.91920e+00 1.34837e+00
87 2.02693e+00 1.34813e+00
88 2.02148e+00 1.34771e+00
89 1.80067e+00 1.34756e+00
90 2.00344e+00 1.34757e+00
91 1.86833e+00 1.34736e+00
92 1.91807e+00 1.34722e+00
93 1.91043e+00 1.34704e+00
94 1.95766e+00 1.34687e+00
95 1.91653e+00 1.34694e+00
96 1.93039e+00 1.34664e+00
97 1.98818e+00 1.34643e+00
98 1.92557e+00 1.34625e+00
99 1.85978e+00 1.34644e+00
100 1.86796e+00 1.34636e+00
101 1.93373e+00 1.34650e+00
102 1.90552e+00 1.34629e+00
103 1.86959e+00 1.34627e+00
104 1.93969e+00 1.34614e+00
105 1.86404e+00 1.34603e+00
106 1.88248e+00 1.34591e+00
107 2.01052e+00 1.34587e+00
108 1.94047e+00 1.34572e+00
109 1.94638e+00 1.34562e+00
110 2.02040e+00 1.34566e+00
111 1.88966e+00 1.34542e+00
112 1.93616e+00 1.34528e+00
113 1.87808e+00 1.34520e+00
114 1.99125e+00 1.34514e+00
115 1.96316e+00 1.34513e+00
116 1.87415e+00 1.34493e+00
117 2.00250e+00 1.34492e+00
118 1.90820e+00 1.34513e+00
119 1.92930e+00 1.34505e+00
120 1.84352e+00 1.34498e+00
121 1.93826e+00 1.34509e+00
122 1.90180e+00 1.34511e+00
123 1.85095e+00 1.34482e+00
124 1.88644e+00 1.34478e+00
125 2.07126e+00 1.34459e+00
126 1.77171e+00 1.34449e+00
127 1.90311e+00 1.34429e+00
128 1.94020e+00 1.34426e+00
129 2.01363e+00 1.34404e+00
130 1.82106e+00 1.34403e+00
131 1.90342e+00 1.34402e+00
132 1.85498e+00 1.34396e+00
133 1.97439e+00 1.34373e+00
134 1.94638e+00 1.34350e+00
135 1.89743e+00 1.34366e+00
136 1.90492e+00 1.34380e+00
137 1.94676e+00 1.34359e+00
138 1.92411e+00 1.34345e+00
139 1.98430e+00 1.34342e+00
140 1.90303e+00 1.34324e+00
141 1.91506e+00 1.34311e+00
142 1.81131e+00 1.34326e+00
143 1.78330e+00 1.34340e+00
144 1.85195e+00 1.34328e+00
145 1.83265e+00 1.34311e+00
146 1.89823e+00 1.34288e+00
147 1.81518e+00 1.34268e+00
148 1.77638e+00 1.34274e+00
149 1.83114e+00 1.34272e+00
150 1.88450e+00 1.34265e+00
151 1.86689e+00 1.34269e+00
152 1.87142e+00 1.34239e+00
153 1.88358e+00 1.34234e+00
154 1.87163e+00 1.34221e+00
155 1.90060e+00 1.34222e+00
156 1.93345e+00 1.34199e+00
157 1.85102e+00 1.34165e+00
158 1.83931e+00 1.34153e+00
159 1.84357e+00 1.34154e+00
160 1.91325e+00 1.34143e+00
161 1.99103e+00 1.34129e+00
162 1.85989e+00 1.34101e+00
163 1.91851e+00 1.34091e+00
164 1.86397e+00 1.34082e+00
165 1.80780e+00 1.34085e+00
166 1.93002e+00 1.34078e+00
167 1.82774e+00 1.34085e+00
168 1.87183e+00 1.34093e+00
169 1.86889e+00 1.34076e+00
170 1.89002e+00 1.34079e+00
171 1.90148e+00 1.34083e+00
172 1.84652e+00 1.34075e+00
173 1.94805e+00 1.34072e+00
174 1.93554e+00 1.34050e+00
175 1.81237e+00 1.34063e+00
176 1.83686e+00 1.34071e+00
177 2.03533e+00 1.34079e+00
178 1.84141e+00 1.34073e+00
179 1.94740e+00 1.34073e+00
180 1.88263e+00 1.34049e+00
181 1.79313e+00 1.34016e+00
182 1.89635e+00 1.34000e+00
183 1.71019e+00 1.34001e+00
184 1.83861e+00 1.33996e+00
185 1.78889e+00 1.33980e+00
186 1.91468e+00 1.33969e+00
187 1.77523e+00 1.33967e+00
188 1.88064e+00 1.33967e+00
189 1.84983e+00 1.33944e+00
190 1.83078e+00 1.33913e+00
191 1.88679e+00 1.33937e+00
192 1.81782e+00 1.33925e+00
193 1.77725e+00 1.33908e+00
194 1.81922e+00 1.33892e+00
195 1.88063e+00 1.33877e+00
196 1.78588e+00 1.33893e+00
197 1.78059e+00 1.33892e+00
198 1.81284e+00 1.33875e+00
199 1.85982e+00 1.33875e+00
200 1.78211e+00 1.33865e+00
201 1.87104e+00 1.33861e+00
202 1.81963e+00 1.33844e+00
203 1.91915e+00 1.33841e+00
204 1.87532e+00 1.33814e+00
205 1.87688e+00 1.33814e+00
206 1.72276e+00 1.33811e+00
207 1.84345e+00 1.33810e+00
208 1.82334e+00 1.33804e+00
209 1.78391e+00 1.33814e+00
210 1.85955e+00 1.33805e+00
211 1.89724e+00 1.33789e+00
212 1.81869e+00 1.33799e+00
213 1.86851e+00 1.33812e+00
214 1.80040e+00 1.33803e+00
215 1.88877e+00 1.33822e+00
216 1.87109e+00 1.33803e+00
217 1.87249e+00 1.33786e+00
218 1.90159e+00 1.33772e+00
219 1.81541e+00 1.33739e+00
220 1.93391e+00 1.33736e+00
221 1.79285e+00 1.33735e+00
222 1.82947e+00 1.33740e+00
223 1.94970e+00 1.33750e+00
224 1.75995e+00 1.33738e+00
225 1.86825e+00 1.33738e+00
226 1.93521e+00 1.33749e+00
227 1.80342e+00 1.33768e+00
228 1.87311e+00 1.33760e+00
229 1.89968e+00 1.33766e+00
230 1.86374e+00 1.33766e+00
231 1.79380e+00 1.33749e+00
232 1.87747e+00 1.33752e+00
233 1.89121e+00 1.33726e+00
234 1.77808e+00 1.33713e+00
235 1.80310e+00 1.33715e+00
236 1.87877e+00 1.33707e+00
237 1.79532e+00 1.33706e+00
238 1.80784e+00 1.33702e+00
239 1.82839e+00 1.33676e+00
240 1.78243e+00 1.33681e+00
241 1.82716e+00 1.33667e+00
242 1.74434e+00 1.33662e+00
243 1.81906e+00 1.33661e+00
244 1.81345e+00 1.33644e+00
245 1.96947e+00 1.33654e+00
246 1.86372e+00 1.33638e+00
247 1.79778e+00 1.33627e+00
248 1.86189e+00 1.33605e+00
249 1.77860e+00 1.33608e+00
250 1.77941e+00 1.33617e+00
251 1.82499e+00 1.33593e+00
252 1.87277e+00 1.33580e+00
253 1.87282e+00 1.33562e+00
254 1.82270e+00 1.33559e+00
255 1.84476e+00 1.33561e+00
256 1.88484e+00 1.33554e+00
257 1.87864e+00 1.33556e+00
258 1.77800e+00 1.33542e+00
259 1.84750e+00 1.33527e+00
260 1.87731e+00 1.33522e+00
261 1.79111e+00 1.33504e+00
262 1.90985e+00 1.33492e+00
263 1.78866e+00 1.33460e+00
264 1.78490e+00 1.33457e+00
265 1.86195e+00 1.33443e+00
266 1.85974e+00 1.33440e+00
267 1.87037e+00 1.33442e+00
268 1.84555e+00 1.33451e+00
269 1.81581e+00 1.33441e+00
270 1.78276e+00 1.33423e+00
271 1.94096e+00 1.33424e+00
272 1.84799e+00 1.33420e+00
273 1.84381e+00 1.33404e+00
274 1.89818e+00 1.33387e+00
275 1.86095e+00 1.33378e+00
276 1.83331e+00 1.33374e+00
277 1.84649e+00 1.33371e+00
278 1.84918e+00 1.33370e+00
279 1.78442e+00 1.33349e+00
280 1.81257e+00 1.33357e+00
281 1.90423e+00 1.33350e+00
282 1.83627e+00 1.33348e+00
283 1.83400e+00 1.33353e+00
284 1.93912e+00 1.33332e+00
285 1.73892e+00 1.33340e+00
286 1.75730e+00 1.33355e+00
287 1.84779e+00 1.33336e+00
288 1.76716e+00 1.33342e+00
289 1.80534e+00 1.33341e+00
290 1.75637e+00 1.33341e+00
291 1.76883e+00 1.33336e+00
292 1.72392e+00 1.33326e+00
293 1.80145e+00 1.33304e+00
294 1.89127e+00 1.33289e+00
295 1.94764e+00 1.33276e+00
296 1.92538e+00 1.33276e+00
297 1.85251e+00 1.33278e+00
298 1.68961e+00 1.33283e+00
299 1.73720e+00 1.33273e+00
300 1.78498e+00 1.33271e+00
301 1.79249e+00 1.33271e+00
302 1.81663e+00 1.33275e+00
303 1.71774e+00 1.33274e+00
304 1.88095e+00 1.33274e+00
305 1.83265e+00 1.33270e+00
306 1.77588e+00 1.33249e+00
307 1.96750e+00 1.33254e+00
308 1.85060e+00 1.33234e+00
309 1.81801e+00 1.33216e+00
310 1.88263e+00 1.33227e+00
311 1.76154e+00 1.33231e+00
312 1.78871e+00 1.33228e+00
313 1.81776e+00 1.33218e+00
314 1.78801e+00 1.33227e+00
315 1.79633e+00 1.33222e+00
316 1.84274e+00 1.33220e+00
317 1.84352e+00 1.33180e+00
318 1.76977e+00 1.33173e+00
319 1.78659e+00 1.33169e+00
320 1.74633e+00 1.33155e+00
321 1.82217e+00 1.33163e+00
322 1.82128e+00 1.33148e+00
323 1.81830e+00 1.33167e+00
324 1.73237e+00 1.33164e+00
325 1.79935e+00 1.33166e+00
326 1.78015e+00 1.33161e+00
327 1.77814e+00 1.33145e+00
328 1.82671e+00 1.33138e+00
329 1.76400e+00 1.33149e+00
330 1.77297e+00 1.33123e+00
331 1.76027e+00 1.33134e+00
332 1.74150e+00 1.33135e+00
333 1.84860e+00 1.33134e+00
334 1.80651e+00 1.33135e+00
335 1.77844e+00 1.33114e+00
336 1.91281e+00 1.33105e+00
337 1.74353e+00 1.33090e+00
338 1.87807e+00 1.33086e+00
339 1.80030e+00 1.33079e+00
340 1.90247e+00 1.33070e+00
341 1.84445e+00 1.33056e+00
342 1.77120e+00 1.33052e+00
343 1.83178e+00 1.33032e+00
344 1.75541e+00 1.33031e+00
345 1.88764e+00 1.33011e+00
346 1.74260e+00 1.33010e+00
347 1.84643e+00 1.33028e+00
348 1.85949e+00 1.33040e+00
349 1.73336e+00 1.33038e+00
350 1.87812e+00 1.33032e+00
351 1.80771e+00 1.33016e+00
352 1.81803e+00 1.33010e+00
353 1.75062e+00 1.33010e+00
354 1.78657e+00 1.33010e+00
355 1.87231e+00 1.33001e+00
356 1.92773e+00 1.32991e+00
357 1.81386e+00 1.32985e+00
358 1.88118e+00 1.32993e+00
359 1.87901e+00 1.32984e+00
360 1.82283e+00 1.32980e+00
361 1.64010e+00 1.32980e+00
362 1.79380e+00 1.32964e+00
363 1.82653e+00 1.32958e+00
364 1.83739e+00 1.32947e+00
365 1.81320e+00 1.32926e+00
366 1.77605e+00 1.32902e+00
367 1.88983e+00 1.32886e+00
368 1.89565e+00 1.32888e+00
369 1.86395e+00 1.32881e+00
370 1.80623e+00 1.32866e+00
371 1.78293e+00 1.32862e+00
372 1.73990e+00 1.32860e+00
373 1.81068e+00 1.32848e+00
374 1.76468e+00 1.32833e+00
375 1.88271e+00 1.32825e+00
376 1.83384e+00 1.32808e+00
377 1.80964e+00 1.32805e+00
378 1.76343e+00 1.32798e+00
379 1.85506e+00 1.32795e+00
380 1.81749e+00 1.32787e+00
381 1.70839e+00 1.32782e+00
382 1.69528e+00 1.32778e+00
383 1.77893e+00 1.32766e+00
384 1.84377e+00 1.32769e+00
385 1.77484e+00 1.32754e+00
386 1.81334e+00 1.32738e+00
387 1.80028e+00 1.32732e+00
388 1.82738e+00 1.32739e+00
389 1.71172e+00 1.32728e+00
390 1.76690e+00 1.32715e+00
391 1.79131e+00 1.32711e+00
392 1.84852e+00 1.32697e+00
393 1.76051e+00 1.32682e+00
394 1.71947e+00 1.32684e+00
395 1.70068e+00 1.32657e+00
396 1.80841e+00 1.32640e+00
397 1.82780e+00 1.32624e+00
398 1.75509e+00 1.32615e+00
399 1.75568e+00 1.32613e+00
400 1.75489e+00 1.32592e+00
401 1.71223e+00 1.32598e+00
402 1.79149e+00 1.32592e+00
403 1.75573e+00 1.32578e+00
404 1.78873e+00 1.32569e+00
405 1.82692e+00 1.32552e+00
406 1.76456e+00 1.32537e+00
407 1.76821e+00 1.32550e+00
408 1.71588e+00 1.32545e+00
409 1.76253e+00 1.32537e+00
410 1.74612e+00 1.32541e+00
411 1.81985e+00 1.32545e+00
412 1.79460e+00 1.32534e+00
413 1.81028e+00 1.32527e+00
414 1.79395e+00 1.32522e+00
415 1.77322e+00 1.32509e+00
416 1.76537e+00 1.32504e+00
417 1.72728e+00 1.32503e+00
418 1.89112e+00 1.32492e+00
419 1.78190e+00 1.32475e+00
420 1.84597e+00 1.32466e+00
421 1.80271e+00 1.32459e+00
422 1.77923e+00 1.32450e+00
423 1.75688e+00 1.32457e+00
424 1.83865e+00 1.32453e+00
425 1.79197e+00 1.32443e+00
426 1.76250e+00 1.32433e+00
427 1.71010e+00 1.32427e+00
428 1.90876e+00 1.32409e+00
429 1.80368e+00 1.32408e+00
430 1.74423e+00 1.32412e+00
431 1.74358e+00 1.32402e+00
432 1.81142e+00 1.32405e+00
433 1.81070e+00 1.32417e+00
434 1.89235e+00 1.32420e+00
435 1.78789e+00 1.32420e+00
436 1.74421e+00 1.32408e+00
437 1.74963e+00 1.32395e+00
438 1.78304e+00 1.32389e+00
439 1.71514e+00 1.32384e+00
440 1.75275e+00 1.32375e+00
441 1.76026e+00 1.32368e+00
442 1.72402e+00 1.32355e+00
443 1.72118e+00 1.32350e+00
444 1.83460e+00 1.32334e+00
445 1.76559e+00 1.32316e+00
446 1.78355e+00 1.32320e+00
447 1.78973e+00 1.32308e+00
448 1.75118e+00 1.32304e+00
449 1.70383e+00 1.32300e+00
450 1.69955e+00 1.32298e+00
451 1.80570e+00 1.32282e+00
452 1.81969e+00 1.32277e+00
453 1.79233e+00 1.32270e+00
454 1.83498e+00 1.32272e+00
455 1.79799e+00 1.32273e+00
456 1.78427e+00 1.32262e+00
457 1.92192e+00 1.32265e+00
458 1.79735e+00 1.32257e+00
459 1.74014e+00 1.32252e+00
460 1.78115e+00 1.32255e+00
461 1.77156e+00 1.32237e+00
462 1.83559e+00 1.32216e+00
463 1.82046e+00 1.32203e+00
464 1.76756e+00 1.32202e+00
465 1.78579e+00 1.32202e+00
466 1.78398e+00 1.32207e+00
467 1.86814e+00 1.32202e+00
468 1.76603e+00 1.32194e+00
469 1.79601e+00 1.32176e+00
470 1.70160e+00 1.32164e+00
471 1.73831e+00 1.32183e+00
472 1.83567e+00 1.32178e+00
473 1.68710e+00 1.32167e+00
474 1.74241e+00 1.32149e+00
475 1.71070e+00 1.32145e+00
476 1.76270e+00 1.32140e+00
477 1.72667e+00 1.32132e+00
478 1.71657e+00 1.32135e+00
479 1.72012e+00 1.32130e+00
480 1.78209e+00 1.32118e+00
481 1.77117e+00 1.32106e+00
482 1.78350e+00 1.32096e+00
483 1.70846e+00 1.32090e+00
484 1.75802e+00 1.32090e+00
485 1.87326e+00 1.32070e+00
486 1.74928e+00 1.32071e+00
487 1.78369e+00 1.32065e+00
488 1.82803e+00 1.32068e+00
489 1.68788e+00 1.32058e+00
490 1.86266e+00 1.32045e+00
491 1.71851e+00 1.32023e+00
492 1.76482e+00 1.32003e+00
493 1.74404e+00 1.31997e+00
494 1.68136e+00 1.31986e+00
495 1.78272e+00 1.31975e+00
496 1.78303e+00 1.31964e+00
497 1.76961e+00 1.31953e+00
498 1.79426e+00 1.31941e+00
499 1.78313e+00 1.31927e+00
500 1.85095e+00 1.31909e+00
501 1.82765e+00 1.31907e+00
502 1.80048e+00 1.31898e+00
503 1.74225e+00 1.31889e+00
504 1.76485e+00 1.31873e+00
505 1.70817e+00 1.31856e+00
506 1.83714e+00 1.31839e+00
507 1.78707e+00 1.31837e+00
508 1.75643e+00 1.31822e+00
509 1.75299e+00 1.31811e+00
510 1.70709e+00 1.31807e+00
511 1.87382e+00 1.31808e+00
512 1.75333e+00 1.31815e+00
513 1.75666e+00 1.31799e+00
514 1.69835e+00 1.31786e+00
515 1.76410e+00 1.31781e+00
516 1.78002e+00 1.31783e+00
517 1.70149e+00 1.31779e+00
518 1.72316e+00 1.31765e+00
519 1.76383e+00 1.31748e+00
520 1.73155e+00 1.31726e+00
521 1.77707e+00 1.31721e+00
522 1.69545e+00 1.31718e+00
523 1.72758e+00 1.31712e+00
524 1.80901e+00 1.31711e+00
525 1.74990e+00 1.31695e+00
526 1.86334e+00 1.31705e+00
527 1.80491e+00 1.31683e+00
528 1.74586e+00 1.31672e+00
529 1.66540e+00 1.31677e+00
530 1.75937e+00 1.31669e+00
531 1.74685e+00 1.31668e+00
532 1.77599e+00 1.31652e+00
533 1.73076e+00 1.31640e+00
534 1.72771e+00 1.31635e+00
535 1.75599e+00 1.31628e+00
536 1.72824e+00 1.31610e+00
537 1.78706e+00 1.31602e+00
538 1.74364e+00 1.31615e+00
539 1.77833e+00 1.31598e+00
540 1.75636e+00 1.31593e+00
541 1.70002e+00 1.31599e+00
542 1.76882e+00 1.31597e+00
543 1.72143e+00 1.31589e+00
544 1.79336e+00 1.31586e+00
545 1.78373e+00 1.31576e+00
546 1.72046e+00 1.31585e+00
547 1.73935e+00 1.31593e+00
548 1.67585e+00 1.31576e+00
549 1.70423e+00 1.31570e+00
550 1.75294e+00 1.31559e+00
551 1.75317e+00 1.31561e+00
552 1.70904e+00 1.31542e+00
553 1.70891e+00 1.31541e+00
554 1.72037e+00 1.31507e+00
555 1.77574e+00 1.31492e+00
556 1.69536e+00 1.31497e+00
557 1.77794e+00 1.31489e+00
558 1.65593e+00 1.31497e+00
559 1.74413e+00 1.31490e+00
560 1.73396e+00 1.31489e+00
561 1.68468e+00 1.31482e+00
562 1.76943e+00 1.31466e+00
563 1.64483e+00 1.31458e+00
564 1.72455e+00 1.31464e+00
565 1.72996e+00 1.31454e+00
566 1.72873e+00 1.31443e+00
567 1.75542e+00 1.31437e+00
568 1.68948e+00 1.31458e+00
569 1.62117e+00 1.31454e+00
570 1.76597e+00 1.31452e+00
571 1.65799e+00 1.31446e+00
572 1.75208e+00 1.31446e+00
573 1.77119e+00 1.31440e+00
574 1.74437e+00 1.31439e+00
575 1.66935e+00 1.31433e+00
576 1.77088e+00 1.31439e+00
577 1.71175e+00 1.31434e+00
578 1.70322e+00 1.31434e+00
579 1.74491e+00 1.31427e+00
580 1.79977e+00 1.31417e+00
581 1.70840e+00 1.31401e+00
582 1.71243e+00 1.31391e+00
583 1.79954e+00 1.31386e+00
584 1.68682e+00 1.31387e+00
585 1.69335e+00 1.31390e+00
586 1.82967e+00 1.31389e+00
587 1.67392e+00 1.31382e+00
588 1.74788e+00 1.31379e+00
589 1.69503e+00 1.31359e+00
590 1.68584e+00 1.31349e+00
591 1.75248e+00 1.31349e+00
592 1.70576e+00 1.31349e+00
593 1.70976e+00 1.31353e+00
594 1.73652e+00 1.31345e+00
595 1.72250e+00 1.31322e+00
596 1.75879e+00 1.31321e+00
597 1.77137e+00 1.31320e+00
598 1.68990e+00 1.31300e+00
599 1.66213e+00 1.31287e+00
600 1.74124e+00 1.31282e+00
601 1.77347e+00 1.31280e+00
602 1.85018e+00 1.31265e+00
603 1.67880e+00 1.31276e+00
604 1.75391e+00 1.31265e+00
605 1.77294e+00 1.31267e+00
606 1.70563e+00 1.31256e+00
607 1.70291e+00 1.31258e+00
608 1.76459e+00 1.31245e+00
609 1.64667e+00 1.31232e+00
610 1.75039e+00 1.31236e+00
611 1.72970e+00 1.31240e+00
612 1.76313e+00 1.31235e+00
613 1.75358e+00 1.31226e+00
614 1.65037e+00 1.31211e+00
615 1.78176e+00 1.31197e+00
616 1.76826e+00 1.31178e+00
617 1.72078e+00 1.31171e+00
618 1.68955e+00 1.31165e+00
619 1.79872e+00 1.31153e+00
620 1.70757e+00 1.31141e+00
621 1.67512e+00 1.31137e+00
622 1.66177e+00 1.31135e+00
623 1.75538e+00 1.31120e+00
624 1.76894e+00 1.31110e+00
625 1.74611e+00 1.31095e+00
626 1.74989e+00 1.31088e+00
627 1.74028e+00 1.31080e+00
628 1.62733e+00 1.31046e+00
629 1.68500e+00 1.31022e+00
630 1.73881e+00 1.31020e+00
631 1.69493e+00 1.30993e+00
632 1.71785e+00 1.30983e+00
633 1.78200e+00 1.30972e+00
634 1.72953e+00 1.30962e+00
635 1.73043e+00 1.30960e+00
636 1.79760e+00 1.30961e+00
637 1.68804e+00 1.30953e+00
638 1.77821e+00 1.30947e+00
639 1.68105e+00 1.30924e+00
640 1.72778e+00 1.30915e+00
641 1.67465e+00 1.30904e+00
642 1.69414e+00 1.30878e+00
643 1.70859e+00 1.30854e+00
644 1.76002e+00 1.30857e+00
645 1.78474e+00 1.30859e+00
646 1.75927e+00 1.30863e+00
647 1.75093e+00 1.30861e+00
648 1.75786e+00 1.30849e+00
649 1.80484e+00 1.30833e+00
650 1.66883e+00 1.30841e+00
651 1.70184e+00 1.30847e+00
652 1.68294e+00 1.30852e+00
653 1.72470e+00 1.30856e+00
654 1.72023e+00 1.30849e+00
655 1.74651e+00 1.30835e+00
656 1.63902e+00 1.30814e+00
657 1.71289e+00 1.30808e+00
658 1.74402e+00 1.30801e+00
659 1.75707e+00 1.30786e+00
660 1.78236e+00 1.30792e+00
661 1.73342e+00 1.30783e+00
662 1.73942e+00 1.30771e+00
663 1.68074e+00 1.30785e+00
664 1.77139e+00 1.30781e+00
665 1.67164e+00 1.30769e+00
666 1.74357e+00 1.30758e+00
667 1.70711e+00 1.30747e+00
668 1.71972e+00 1.30744e+00
669 1.66953e+00 1.30732e+00
670 1.72076e+00 1.30717e+00
671 1.70866e+00 1.30699e+00
672 1.74938e+00 1.30704e+00
673 1.77683e+00 1.30692e+00
674 1.68779e+00 1.30688e+00
675 1.70381e+00 1.30679e+00
676 1.61165e+00 1.30669e+00
677 1.72457e+00 1.30660e+00
678 1.71046e+00 1.30652e+00
679 1.60873e+00 1.30649e+00
680 1.63306e+00 1.30639e+00
681 1.71181e+00 1.30627e+00
682 1.73058e+00 1.30619e+00
683 1.74470e+00 1.30607e+00
684 1.61598e+00 1.30610e+00
685 1.73676e+00 1.30596e+00
686 1.65672e+00 1.30591e+00
687 1.72287e+00 1.30574e+00
688 1.62107e+00 1.30570e+00
689 1.76668e+00 1.30563e+00
690 1.69404e+00 1.30560e+00
691 1.66008e+00 1.30553e+00
692 1.70273e+00 1.30552e+00
693 1.60434e+00 1.30545e+00
694 1.69512e+00 1.30536e+00
695 1.75185e+00 1.30527e+00
696 1.72772e+00 1.30521e+00
697 1.70197e+00 1.30525e+00
698 1.77871e+00 1.30530e+00
699 1.77111e+00 1.30507e+00
700 1.76212e+00 1.30502e+00
701 1.68570e+00 1.30495e+00
702 1.64918e+00 1.30486e+00
703 1.74119e+00 1.30488e+00
704 1.71235e+00 1.30487e+00
705 1.65146e+00 1.30484e+00
706 1.68444e+00 1.30492e+00
707 1.70134e+00 1.30478e+00
708 1.74192e+00 1.30457e+00
709 1.73082e+00 1.30435e+00
710 1.82881e+00 1.30426e+00
711 1.75482e+00 1.30401e+00
712 1.74680e+00 1.30389e+00
713 1.64121e+00 1.30364e+00
714 1.72511e+00 1.30357e+00
715 1.71365e+00 1.30356e+00
716 1.64115e+00 1.30353e+00
717 1.67804e+00 1.30327e+00
718 1.76443e+00 1.30300e+00
719 1.66343e+00 1.30303e+00
720 1.68954e+00 1.30292e+00
721 1.70253e+00 1.30293e+00
722 1.76105e+00 1.30294e+00
723 1.71847e+00 1.30297e+00
724 1.68503e+00 1.30288e+00
725 1.68154e+00 1.30280e+00
726 1.69883e+00 1.30272e+00
727 1.73468e+00 1.30256e+00
728 1.69881e+00 1.30253e+00
729 1.64602e+00 1.30241e+00
730 1.67424e+00 1.30231e+00
731 1.65805e+00 1.30220e+00
732 1.69520e+00 1.30223e+00
733 1.63854e+00 1.30217e+00
734 1.68329e+00 1.30212e+00
735 1.69926e+00 1.30207e+00
736 1.72228e+00 1.30200e+00
737 1.61980e+00 1.30185e+00
738 1.72231e+00 1.30174e+00
739 1.64307e+00 1.30181e+00
740 1.70523e+00 1.30163e+00
741 1.75163e+00 1.30148e+00
742 1.61878e+00 1.30140e+00
743 1.66348e+00 1.30133e+00
744 1.69828e+00 1.30133e+00
745 1.72077e+00 1.30121e+00
746 1.61189e+00 1.30111e+00
747 1.77256e+00 1.30099e+00
748 1.80223e+00 1.30095e+00
749 1.76448e+00 1.30086e+00
750 1.69090e+00 1.30086e+00
751 1.67747e+00 1.30071e+00
752 1.68057e+00 1.30068e+00
753 1.68772e+00 1.30057e+00
754 1.68067e+00 1.30048e+00
755 1.71305e+00 1.30047e+00
756 1.66144e+00 1.30040e+00
757 1.63626e+00 1.30037e+00
758 1.70640e+00 1.30020e+00
759 1.68292e+00 1.30007e+00
760 1.60154e+00 1.30001e+00
761 1.69276e+00 1.29996e+00
762 1.72006e+00 1.29988e+00
763 1.64112e+00 1.29977e+00
764 1.72850e+00 1.29974e+00
765 1.65142e+00 1.29979e+00
766 1.65393e+00 1.29973e+00
767 1.70131e+00 1.29950e+00
768 1.68829e+00 1.29940e+00
769 1.71410e+00 1.29942e+00
770 1.57071e+00 1.29933e+00
771 1.70824e+00 1.29933e+00
772 1.68355e+00 1.29915e+00
773 1.64955e+00 1.29914e+00
774 1.69211e+00 1.29910e+00
775 1.62075e+00 1.29901e+00
776 1.66590e+00 1.29886e+00
777 1.64708e+00 1.29889e+00
778 1.69858e+00 1.29884e+00
779 1.72715e+00 1.29871e+00
780 1.73391e+00 1.29863e+00
781 1.67317e+00 1.29850e+00
782 1.70666e+00 1.29842e+00
783 1.63506e+00 1.29827e+00
784 1.65516e+00 1.29843e+00
785 1.75751e+00 1.29817e+00
786 1.66455e+00 1.29797e+00
787 1.71861e+00 1.29786e+00
788 1.60661e+00 1.29783e+00
789 1.71040e+00 1.29767e+00
790 1.73616e+00 1.29777e+00
791 1.69902e+00 1.29764e+00
792 1.69905e+00 1.29756e+00
793 1.65743e+00 1.29748e+00
794 1.68144e+00 1.29734e+00
795 1.66132e+00 1.29733e+00
796 1.67863e+00 1.29718e+00
797 1.62806e+00 1.29702e+00
798 1.65493e+00 1.29700e+00
799 1.65488e+00 1.29695e+00
800 1.77252e+00 1.29691e+00
801 1.63129e+00 1.29688e+00
802 1.63132e+00 1.29674e+00
803 1.71277e+00 1.29662e+00
804 1.69303e+00 1.29648e+00
805 1.69848e+00 1.29645e+00
806 1.68991e+00 1.29641e+00
807 1.64476e+00 1.29645e+00
808 1.64567e+00 1.29635e+00
809 1.60196e+00 1.29644e+00
810 1.67272e+00 1.29634e+00
811 1.73725e+00 1.29628e+00
812 1.63387e+00 1.29621e+00
813 1.70114e+00 1.29618e+00
814 1.74416e+00 1.29614e+00
815 1.53986e+00 1.29616e+00
816 1.62429e+00 1.29609e+00
817 1.64912e+00 1.29592e+00
818 1.70341e+00 1.29584e+00
819 1.60673e+00 1.29576e+00
820 1.65500e+00 1.29560e+00
821 1.62466e+00 1.29537e+00
822 1.72865e+00 1.29529e+00
823 1.74043e+00 1.29517e+00
824 1.60591e+00 1.29512e+00
825 1.56853e+00 1.29505e+00
826 1.68327e+00 1.29503e+00
827 1.63577e+00 1.29493e+00
828 1.66130e+00 1.29489e+00
829 1.65427e+00 1.29489e+00
830 1.62313e+00 1.29487e+00
831 1.65789e+00 1.29487e+00
832 1.69177e+00 1.29466e+00
833 1.59683e+00 1.29470e+00
834 1.55890e+00 1.29455e+00
835 1.70663e+00 1.29445e+00
836 1.66331e+00 1.29448e+00
837 1.66255e+00 1.29434e+00
838 1.67057e+00 1.29417e+00
839 1.66742e+00 1.29415e+00
840 1.76596e+00 1.29400e+00
841 1.59311e+00 1.29388e+00
842 1.60909e+00 1.29377e+00
843 1.69875e+00 1.29357e+00
844 1.67417e+00 1.29346e+00
845 1.64054e+00 1.29332e+00
846 1.71108e+00 1.29327e+00
847 1.74941e+00 1.29310e+00
848 1.66344e+00 1.29306e+00
849 1.68804e+00 1.29305e+00
850 1.63381e+00 1.29311e+00
851 1.61250e+00 1.29290e+00
852 1.67198e+00 1.29272e+00
853 1.72285e+00 1.29259e+00
854 1.73136e+00 1.29243e+00
855 1.68432e+00 1.29230e+00
856 1.63383e+00 1.29218e+00
857 1.61005e+00 1.29216e+00
858 1.70104e+00 1.29205e+00
859 1.74072e+00 1.29198e+00
860 1.67479e+00 1.29202e+00
861 1.69174e+00 1.29184e+00
862 1.68937e+00 1.29174e+00
863 1.64081e+00 1.29163e+00
864 1.61235e+00 1.29157e+00
865 1.66170e+00 1.29148e+00
866 1.64191e+00 1.29136e+00
867 1.65666e+00 1.29132e+00
868 1.68831e+00 1.29112e+00
869 1.68879e+00 1.29100e+00
870 1.58118e+00 1.29101e+00
871 1.59042e+00 1.29097e+00
872 1.73885e+00 1.29087e+00
873 1.68172e+00 1.29087e+00
874 1.71667e+00 1.29080e+00
875 1.59871e+00 1.29080e+00
876 1.69289e+00 1.29067e+00
877 1.57324e+00 1.29061e+00
878 1.66815e+00 1.29040e+00
879 1.62436e+00 1.29053e+00
880 1.63495e+00 1.29046e+00
881 1.71301e+00 1.29030e+00
882 1.71624e+00 1.29023e+00
883 1.60889e+00 1.29003e+00
884 1.64850e+00 1.29000e+00
885 1.65206e+00 1.28987e+00
886 1.68881e+00 1.28976e+00
887 1.70090e+00 1.28976e+00
888 1.69487e+00 1.28962e+00
889 1.71611e+00 1.28950e+00
890 1.76338e+00 1.28933e+00
891 1.66400e+00 1.28940e+00
892 1.64413e+00 1.28937e+00
893 1.57078e+00 1.28933e+00
894 1.64378e+00 1.28935e+00
895 1.60864e+00 1.28921e+00
896 1.59846e+00 1.28906e+00
897 1.65241e+00 1.28892e+00
898 1.66404e+00 1.28886e+00
899 1.59285e+00 1.28877e+00
900 1.57969e+00 1.28867e+00
901 1.70624e+00 1.28877e+00
902 1.54973e+00 1.28854e+00
903 1.67037e+00 1.28836e+00
904 1.60642e+00 1.28829e+00
905 1.63497e+00 1.28828e+00
906 1.64493e+00 1.28822e+00
907 1.67468e+00 1.28812e+00
908 1.60766e+00 1.28794e+00
909 1.69697e+00 1.28778e+00
910 1.65542e+00 1.28767e+00
911 1.60747e+00 1.28756e+00
912 1.59139e+00 1.28763e+00
913 1.68923e+00 1.28757e+00
914 1.64246e+00 1.28758e+00
915 1.69177e+00 1.28760e+00
916 1.67288e+00 1.28748e+00
917 1.65316e+00 1.28749e+00
918 1.65119e+00 1.28755e+00
919 1.60020e+00 1.28745e+00
920 1.72424e+00 1.28732e+00
921 1.70477e+00 1.28722e+00
922 1.58410e+00 1.28715e+00
923 1.59238e+00 1.28722e+00
924 1.70925e+00 1.28716e+00
925 1.64893e+00 1.28710e+00
926 1.64084e+00 1.28708e+00
927 1.60447e+00 1.28707e+00
928 1.68350e+00 1.28711e+00
929 1.59087e+00 1.28701e+00
930 1.76368e+00 1.28691e+00
931 1.66434e+00 1.28701e+00
932 1.60550e+00 1.28688e+00
933 1.64384e+00 1.28676e+00
934 1.65009e+00 1.28665e+00
935 1.63986e+00 1.28659e+00
936 1.63547e+00 1.28653e+00
937 1.63896e+00 1.28651e+00
938 1.62361e+00 1.28651e+00
939 1.58167e+00 1.28643e+00
940 1.57820e+00 1.28630e+00
941 1.71668e+00 1.28636e+00
942 1.65383e+00 1.28621e+00
943 1.66035e+00 1.28619e+00
944 1.67612e+00 1.28616e+00
945 1.62420e+00 1.28610e+00
946 1.68555e+00 1.28597e+00
947 1.60537e+00 1.28590e+00
948 1.55717e+00 1.28585e+00
949 1.64392e+00 1.28578e+00
950 1.66666e+00 1.28562e+00
951 1.72269e+00 1.28556e+00
952 1.55692e+00 1.28553e+00
953 1.54582e+00 1.28548e+00
954 1.58550e+00 1.28528e+00
955 1.57204e+00 1.28530e+00
956 1.74343e+00 1.28520e+00
957 1.63736e+00 1.28506e+00
958 1.61933e+00 1.28499e+00
959 1.70386e+00 1.28488e+00
960 1.53815e+00 1.28485e+00
961 1.60682e+00 1.28464e+00
962 1.73232e+00 1.28452e+00
963 1.55782e+00 1.28443e+00
964 1.66331e+00 1.28445e+00
965 1.60460e+00 1.28431e+00
966 1.68448e+00 1.28420e+00
967 1.62811e+00 1.28412e+00
968 1.61854e+00 1.28395e+00
969 1.62357e+00 1.28382e+00
970 1.73040e+00 1.28379e+00
971 1.60753e+00 1.28374e+00
972 1.67476e+00 1.28367e+00
973 1.61600e+00 1.28371e+00
974 1.64409e+00 1.28360e+00
975 1.62783e+00 1.28362e+00
976 1.65384e+00 1.28365e+00
977 1.64418e+00 1.28355e+00
978 1.60523e+00 1.28352e+00
979 1.59481e+00 1.28348e+00
980 1.61160e+00 1.28352e+00
981 1.65401e+00 1.28349e+00
982 1.54097e+00 1.28344e+00
983 1.62999e+00 1.28337e+00
984 1.63090e+00 1.28331e+00
985 1.60149e+00 1.28324e+00
986 1.48995e+00 1.28326e+00
987 1.63460e+00 1.28324e+00
988 1.59772e+00 1.28313e+00
989 1.63297e+00 1.28300e+00
990 1.57098e+00 1.28299e+00
991 1.62502e+00 1.28295e+00
992 1.67487e+00 1.28291e+00
993 1.67739e+00 1.28280e+00
994 1.65033e+00 1.28275e+00
995 1.56983e+00 1.28259e+00
996 1.65515e+00 1.28255e+00
997 1.59164e+00 1.28249e+00
998 1.56984e+00 1.28244e+00
999 1.61986e+00 1.28235e+00
