training dataset: fesc_test
seed = 5
umFeatures = 7
Feature List: SFRs, Mstars, masses, redshifts, fgases, min_dist, t_lookback
fluxSize = 4
batch_size = 80
epochs     = 1000
0 epoch  1 train loss  2 test loss
0 1.45693e+00 1.26094e+00
1 1.22427e+00 1.20638e+00
2 1.24641e+00 1.21048e+00
3 1.21307e+00 1.14723e+00
4 1.18650e+00 1.13212e+00
5 1.16734e+00 1.13555e+00
6 1.14370e+00 1.12378e+00
7 1.15323e+00 1.10884e+00
8 1.11086e+00 1.09797e+00
9 1.13075e+00 1.10631e+00
10 1.13281e+00 1.07955e+00
11 1.13723e+00 1.09084e+00
12 1.08313e+00 1.07799e+00
13 1.12102e+00 1.07336e+00
14 1.06640e+00 1.07214e+00
15 1.07501e+00 1.06803e+00
16 1.05186e+00 1.06002e+00
17 1.11662e+00 1.06264e+00
18 1.08341e+00 1.05517e+00
19 1.06994e+00 1.05376e+00
20 1.08094e+00 1.07011e+00
21 1.08111e+00 1.06383e+00
22 1.05430e+00 1.05138e+00
23 1.05630e+00 1.08549e+00
24 1.08661e+00 1.05311e+00
25 1.05646e+00 1.07935e+00
26 1.04110e+00 1.03988e+00
27 1.04386e+00 1.05172e+00
28 1.06664e+00 1.04645e+00
29 1.07492e+00 1.04670e+00
30 1.05137e+00 1.04989e+00
31 1.06539e+00 1.04345e+00
32 1.06579e+00 1.05861e+00
33 1.04019e+00 1.03512e+00
34 1.04977e+00 1.03088e+00
35 1.05294e+00 1.03811e+00
36 1.05068e+00 1.05291e+00
37 1.02057e+00 1.03219e+00
38 1.05509e+00 1.03449e+00
39 1.03504e+00 1.05225e+00
40 1.04118e+00 1.02864e+00
41 1.01554e+00 1.04107e+00
42 1.04745e+00 1.05053e+00
43 1.02746e+00 1.02834e+00
44 1.04248e+00 1.03479e+00
45 1.02122e+00 1.03115e+00
46 1.00400e+00 1.03741e+00
47 1.02753e+00 1.06317e+00
48 1.04587e+00 1.04760e+00
49 1.03641e+00 1.05319e+00
50 1.00563e+00 1.03329e+00
51 1.00221e+00 1.02627e+00
52 1.04005e+00 1.04128e+00
53 1.02777e+00 1.05067e+00
54 1.02113e+00 1.04039e+00
55 1.00736e+00 1.04711e+00
56 1.00123e+00 1.03674e+00
57 1.01993e+00 1.03143e+00
58 1.01353e+00 1.03501e+00
59 1.01373e+00 1.02669e+00
60 9.96142e-01 1.02100e+00
61 1.00860e+00 1.01145e+00
62 1.02161e+00 1.02321e+00
63 1.00622e+00 1.02090e+00
64 1.01559e+00 1.03577e+00
65 9.87053e-01 1.01868e+00
66 1.02956e+00 1.04057e+00
67 1.00282e+00 1.04667e+00
68 9.81284e-01 1.10311e+00
69 1.00251e+00 1.04048e+00
70 9.97729e-01 1.01609e+00
71 9.95364e-01 1.02705e+00
72 9.93622e-01 1.06887e+00
73 9.89608e-01 1.03774e+00
74 9.96529e-01 1.02031e+00
75 9.78937e-01 1.01642e+00
76 1.00014e+00 1.01617e+00
77 1.00420e+00 1.01764e+00
78 9.92480e-01 1.02330e+00
79 9.82530e-01 1.03611e+00
80 9.86497e-01 1.02386e+00
81 1.00125e+00 1.01282e+00
82 9.82128e-01 1.03281e+00
83 9.95501e-01 1.03919e+00
84 9.80836e-01 1.02199e+00
85 9.95050e-01 1.01215e+00
86 9.86873e-01 1.01146e+00
87 9.93703e-01 1.03326e+00
88 9.72059e-01 1.00594e+00
89 9.81417e-01 1.01701e+00
90 9.79326e-01 1.01774e+00
91 9.82260e-01 1.02307e+00
92 9.76918e-01 1.02346e+00
93 9.83108e-01 1.03231e+00
94 9.83002e-01 1.04910e+00
95 9.73867e-01 1.01773e+00
96 9.71678e-01 1.02955e+00
97 9.66064e-01 1.02739e+00
98 9.86544e-01 1.01944e+00
99 9.66829e-01 1.02204e+00
100 9.76861e-01 1.03637e+00
101 9.79287e-01 1.01977e+00
102 9.92227e-01 1.04870e+00
103 9.74054e-01 1.02621e+00
104 9.61221e-01 1.03366e+00
105 9.78773e-01 1.05377e+00
106 9.74058e-01 1.01997e+00
107 9.85021e-01 1.03584e+00
108 9.51227e-01 1.05000e+00
109 9.82878e-01 1.02053e+00
110 9.60922e-01 1.04697e+00
111 9.68909e-01 1.05427e+00
112 9.72099e-01 1.03651e+00
113 9.72929e-01 1.03641e+00
114 9.62567e-01 1.02858e+00
115 9.66850e-01 1.05455e+00
116 9.78719e-01 1.04186e+00
117 9.84067e-01 1.02375e+00
118 9.54609e-01 1.07342e+00
119 9.66480e-01 1.02003e+00
120 9.52558e-01 1.02185e+00
121 9.64969e-01 1.02163e+00
122 9.92543e-01 1.02697e+00
123 9.69659e-01 1.02327e+00
124 9.57570e-01 1.03628e+00
125 9.69680e-01 1.02243e+00
126 9.62666e-01 1.02717e+00
127 9.46123e-01 1.04151e+00
128 9.40547e-01 1.05454e+00
129 9.84355e-01 1.04076e+00
130 9.64352e-01 1.03040e+00
131 9.71437e-01 1.03867e+00
132 9.44622e-01 1.03606e+00
133 9.72909e-01 1.03642e+00
134 9.63672e-01 1.03083e+00
135 9.50883e-01 1.04025e+00
136 9.61059e-01 1.06111e+00
137 9.75849e-01 1.03383e+00
138 9.55390e-01 1.03958e+00
139 9.87008e-01 1.02969e+00
140 9.47354e-01 1.03118e+00
141 9.63695e-01 1.04158e+00
142 9.41347e-01 1.05396e+00
143 9.50588e-01 1.05240e+00
144 9.45058e-01 1.03288e+00
145 9.40958e-01 1.05062e+00
146 9.73777e-01 1.04743e+00
147 9.37199e-01 1.03856e+00
148 9.58421e-01 1.02255e+00
149 9.58616e-01 1.06088e+00
150 9.51452e-01 1.03707e+00
151 9.40367e-01 1.02499e+00
152 9.65668e-01 1.02376e+00
153 9.48346e-01 1.03062e+00
154 9.58894e-01 1.04812e+00
155 9.53524e-01 1.05403e+00
156 9.48954e-01 1.04592e+00
157 9.59797e-01 1.04341e+00
158 9.40137e-01 1.02732e+00
159 9.42610e-01 1.02277e+00
160 9.27931e-01 1.02744e+00
161 9.44057e-01 1.03908e+00
162 9.38067e-01 1.03081e+00
163 9.41070e-01 1.04193e+00
164 9.38922e-01 1.02658e+00
165 9.38507e-01 1.06398e+00
166 9.37228e-01 1.04672e+00
167 9.44747e-01 1.04483e+00
168 9.66565e-01 1.06178e+00
169 9.56407e-01 1.04025e+00
170 9.27933e-01 1.03898e+00
171 9.51167e-01 1.04679e+00
172 9.39351e-01 1.03636e+00
173 9.60328e-01 1.03908e+00
174 9.42842e-01 1.04127e+00
175 9.23417e-01 1.04993e+00
176 9.58742e-01 1.03995e+00
177 9.34514e-01 1.04192e+00
178 9.40086e-01 1.04149e+00
179 9.38413e-01 1.03985e+00
180 9.48915e-01 1.05145e+00
181 9.27461e-01 1.05224e+00
182 9.24698e-01 1.04615e+00
183 9.36427e-01 1.05295e+00
184 9.46357e-01 1.04375e+00
185 9.29637e-01 1.03397e+00
186 9.30752e-01 1.03038e+00
187 9.22004e-01 1.02489e+00
188 9.40551e-01 1.03613e+00
189 9.48303e-01 1.04002e+00
190 9.29533e-01 1.04718e+00
191 9.48845e-01 1.07723e+00
192 9.45025e-01 1.04914e+00
193 9.21123e-01 1.06042e+00
194 9.51970e-01 1.05292e+00
195 9.31911e-01 1.05797e+00
196 9.44325e-01 1.04068e+00
197 9.30435e-01 1.06486e+00
198 9.31441e-01 1.05312e+00
199 9.19871e-01 1.05066e+00
200 9.49344e-01 1.03318e+00
201 9.24578e-01 1.04905e+00
202 9.13043e-01 1.04796e+00
203 9.29208e-01 1.04017e+00
204 9.15631e-01 1.05659e+00
205 9.16765e-01 1.04752e+00
206 9.31410e-01 1.05532e+00
207 9.26424e-01 1.05547e+00
208 8.98156e-01 1.06146e+00
209 9.33846e-01 1.05161e+00
210 9.43975e-01 1.05661e+00
211 9.10139e-01 1.05021e+00
212 9.03456e-01 1.06598e+00
213 9.34810e-01 1.05472e+00
214 9.23908e-01 1.05837e+00
215 9.07341e-01 1.05932e+00
216 9.24349e-01 1.04944e+00
217 9.20625e-01 1.05966e+00
218 9.25509e-01 1.05287e+00
219 9.21456e-01 1.04879e+00
220 9.26188e-01 1.06538e+00
221 9.34955e-01 1.05425e+00
222 9.18290e-01 1.08988e+00
223 9.25447e-01 1.05367e+00
224 9.07725e-01 1.06588e+00
225 9.18891e-01 1.04860e+00
226 9.26602e-01 1.04852e+00
227 9.36741e-01 1.06432e+00
228 9.19909e-01 1.04755e+00
229 9.18665e-01 1.04466e+00
230 9.24944e-01 1.05170e+00
231 9.25801e-01 1.05911e+00
232 9.22894e-01 1.05389e+00
233 9.11462e-01 1.05878e+00
234 9.13352e-01 1.05710e+00
235 9.00818e-01 1.06163e+00
236 9.13720e-01 1.06688e+00
237 9.09456e-01 1.06911e+00
238 9.04852e-01 1.05973e+00
239 9.29670e-01 1.04277e+00
240 8.93889e-01 1.04582e+00
241 9.24689e-01 1.04872e+00
242 8.95523e-01 1.04999e+00
243 9.08920e-01 1.04697e+00
244 9.26246e-01 1.04864e+00
245 9.01317e-01 1.05890e+00
246 8.94686e-01 1.06531e+00
247 9.11622e-01 1.05502e+00
248 8.99864e-01 1.06160e+00
249 9.01675e-01 1.06405e+00
250 9.13245e-01 1.06324e+00
251 9.18492e-01 1.04691e+00
252 9.02823e-01 1.07837e+00
253 9.12098e-01 1.05653e+00
254 9.17758e-01 1.06803e+00
255 8.88007e-01 1.06933e+00
256 9.17944e-01 1.05795e+00
257 9.20282e-01 1.04930e+00
258 8.79427e-01 1.06440e+00
259 9.16118e-01 1.06866e+00
260 9.06804e-01 1.06360e+00
261 9.17529e-01 1.06303e+00
262 9.09239e-01 1.06129e+00
263 9.08616e-01 1.06688e+00
264 8.92797e-01 1.07562e+00
265 8.98381e-01 1.05566e+00
266 8.88178e-01 1.09164e+00
267 9.10294e-01 1.06330e+00
268 8.94589e-01 1.05765e+00
269 8.95030e-01 1.06068e+00
270 8.99891e-01 1.06221e+00
271 8.97781e-01 1.07198e+00
272 8.99914e-01 1.03510e+00
273 9.08364e-01 1.06488e+00
274 8.98790e-01 1.04777e+00
275 8.80446e-01 1.07728e+00
276 9.07137e-01 1.05393e+00
277 8.83735e-01 1.07518e+00
278 8.78590e-01 1.07081e+00
279 8.93143e-01 1.05271e+00
280 8.95033e-01 1.04681e+00
281 8.79838e-01 1.05062e+00
282 8.77333e-01 1.05575e+00
283 8.90267e-01 1.06013e+00
284 8.90157e-01 1.05085e+00
285 8.89269e-01 1.05284e+00
286 8.88954e-01 1.06298e+00
287 8.73095e-01 1.03954e+00
288 9.10251e-01 1.04290e+00
289 8.81389e-01 1.06508e+00
290 8.83594e-01 1.06513e+00
291 8.79343e-01 1.05603e+00
292 8.82936e-01 1.04072e+00
293 8.83523e-01 1.04677e+00
294 8.90677e-01 1.04015e+00
295 8.93233e-01 1.04032e+00
296 8.73408e-01 1.05315e+00
297 8.48959e-01 1.05937e+00
298 8.79655e-01 1.05850e+00
299 8.75196e-01 1.04929e+00
300 8.90556e-01 1.07779e+00
301 8.81813e-01 1.02894e+00
302 8.87533e-01 1.03760e+00
303 8.65579e-01 1.05729e+00
304 8.68587e-01 1.05430e+00
305 8.76558e-01 1.04244e+00
306 8.73243e-01 1.03733e+00
307 8.77731e-01 1.02815e+00
308 8.62557e-01 1.02343e+00
309 8.77657e-01 1.04583e+00
310 8.59117e-01 1.04503e+00
311 8.73307e-01 1.06936e+00
312 8.69403e-01 1.06304e+00
313 8.67115e-01 1.04548e+00
314 8.72666e-01 1.04073e+00
315 8.66483e-01 1.05899e+00
316 8.86924e-01 1.04485e+00
317 8.77444e-01 1.03818e+00
318 8.52256e-01 1.04694e+00
319 8.87645e-01 1.02646e+00
320 8.69205e-01 1.02214e+00
321 8.65603e-01 1.02748e+00
322 8.55937e-01 1.06660e+00
323 8.84200e-01 1.03921e+00
324 8.58154e-01 1.04210e+00
325 8.60947e-01 1.06407e+00
326 8.50880e-01 1.07100e+00
327 8.60059e-01 1.02437e+00
328 8.57696e-01 1.04020e+00
329 8.61367e-01 1.03098e+00
330 8.65258e-01 1.03871e+00
331 8.58446e-01 1.04657e+00
332 8.82319e-01 1.05677e+00
333 8.62918e-01 1.05013e+00
334 8.58642e-01 1.03866e+00
335 8.72000e-01 1.03860e+00
336 8.50047e-01 1.04883e+00
337 8.71352e-01 1.02360e+00
338 8.32224e-01 1.04770e+00
339 8.56012e-01 1.04281e+00
340 8.58546e-01 1.06470e+00
341 8.52148e-01 1.03148e+00
342 8.54141e-01 1.03425e+00
343 8.51757e-01 1.02380e+00
344 8.43272e-01 1.01063e+00
345 8.53807e-01 1.03247e+00
346 8.45146e-01 1.01416e+00
347 8.59233e-01 1.05123e+00
348 8.51084e-01 1.04155e+00
349 8.75966e-01 1.02948e+00
350 8.68723e-01 1.03545e+00
351 8.51319e-01 1.03602e+00
352 8.36999e-01 1.03365e+00
353 8.65146e-01 1.01452e+00
354 8.50274e-01 1.05223e+00
355 8.51933e-01 1.02375e+00
356 8.45844e-01 1.04052e+00
357 8.41679e-01 1.02406e+00
358 8.38467e-01 1.02916e+00
359 8.25608e-01 1.04803e+00
360 8.45904e-01 1.02827e+00
361 8.39413e-01 1.03033e+00
362 8.56908e-01 1.02927e+00
363 8.31496e-01 1.02943e+00
364 8.39874e-01 1.02632e+00
365 8.58199e-01 1.00488e+00
366 8.38901e-01 1.01053e+00
367 8.47106e-01 1.02941e+00
368 8.61013e-01 1.01199e+00
369 8.32652e-01 1.01562e+00
370 8.49125e-01 1.03630e+00
371 8.47226e-01 1.01948e+00
372 8.37450e-01 1.03708e+00
373 8.26671e-01 1.03182e+00
374 8.63393e-01 1.00728e+00
375 8.56427e-01 1.00848e+00
376 8.40973e-01 1.02705e+00
377 8.32180e-01 1.05200e+00
378 8.20576e-01 1.04127e+00
379 8.64468e-01 1.06510e+00
380 8.34442e-01 1.04187e+00
381 8.30893e-01 1.03579e+00
382 8.46748e-01 1.04489e+00
383 8.34529e-01 1.02322e+00
384 8.42310e-01 1.01980e+00
385 8.31693e-01 1.03195e+00
386 8.20933e-01 1.02029e+00
387 8.25384e-01 1.02243e+00
388 8.37136e-01 1.03508e+00
389 8.32633e-01 1.04777e+00
390 8.21010e-01 1.04205e+00
391 8.12012e-01 1.03181e+00
392 8.50582e-01 1.05643e+00
393 8.22285e-01 1.05491e+00
394 8.29477e-01 1.05428e+00
395 8.23725e-01 1.03608e+00
396 8.36261e-01 1.02213e+00
397 8.44199e-01 1.04671e+00
398 8.31154e-01 1.04020e+00
399 8.29804e-01 1.05913e+00
400 8.14840e-01 1.05642e+00
401 8.14933e-01 1.04170e+00
402 8.23998e-01 1.06331e+00
403 8.28027e-01 1.01691e+00
404 8.19315e-01 1.00805e+00
405 8.31934e-01 1.02322e+00
406 8.25429e-01 1.04688e+00
407 8.44094e-01 1.04826e+00
408 8.26342e-01 1.02435e+00
409 8.36940e-01 9.94244e-01
410 8.08729e-01 1.01961e+00
411 8.17434e-01 1.06115e+00
412 8.30775e-01 1.07003e+00
413 8.35185e-01 1.04138e+00
414 8.27366e-01 1.02871e+00
415 8.01937e-01 1.04914e+00
416 8.36458e-01 1.06032e+00
417 8.38392e-01 1.03013e+00
418 8.15440e-01 1.02869e+00
419 8.05688e-01 1.05859e+00
420 8.23541e-01 1.04069e+00
421 8.00362e-01 1.04867e+00
422 8.29364e-01 1.03661e+00
423 8.10729e-01 1.02639e+00
424 8.12824e-01 1.02758e+00
425 8.21262e-01 1.04631e+00
426 8.27934e-01 1.05697e+00
427 8.12805e-01 1.06399e+00
428 7.99211e-01 1.06942e+00
429 8.30710e-01 1.06209e+00
430 8.29413e-01 1.07672e+00
431 8.04552e-01 1.05425e+00
432 8.01267e-01 1.05353e+00
433 8.09105e-01 1.05105e+00
434 8.28375e-01 1.05455e+00
435 8.26285e-01 1.06762e+00
436 8.17897e-01 1.05926e+00
437 8.23975e-01 1.04935e+00
438 8.30747e-01 1.03576e+00
439 8.07518e-01 1.06114e+00
440 8.19144e-01 1.06748e+00
441 8.06245e-01 1.07416e+00
442 8.13732e-01 1.06374e+00
443 8.00322e-01 1.03936e+00
444 8.19774e-01 1.05722e+00
445 8.14021e-01 1.01000e+00
446 8.09074e-01 1.02457e+00
447 7.92055e-01 1.05646e+00
448 8.11583e-01 1.03741e+00
449 7.79122e-01 1.07280e+00
450 8.28430e-01 1.00803e+00
451 8.12625e-01 1.04227e+00
452 8.16967e-01 1.03349e+00
453 7.97906e-01 1.04613e+00
454 8.26826e-01 1.05808e+00
455 8.18749e-01 1.03919e+00
456 8.31241e-01 1.03858e+00
457 7.88487e-01 1.02565e+00
458 8.08487e-01 1.04820e+00
459 8.15287e-01 1.07333e+00
460 8.17714e-01 1.05144e+00
461 7.80124e-01 1.04650e+00
462 7.96786e-01 1.02793e+00
463 7.93449e-01 1.04498e+00
464 8.08532e-01 1.06541e+00
465 8.14677e-01 1.03644e+00
466 8.17172e-01 1.03854e+00
467 8.10814e-01 1.04548e+00
468 8.29634e-01 1.05989e+00
469 8.22233e-01 1.03777e+00
470 8.14318e-01 1.02502e+00
471 7.95010e-01 1.03806e+00
472 8.01372e-01 1.03340e+00
473 8.09969e-01 1.03434e+00
474 8.20389e-01 1.06420e+00
475 7.93987e-01 1.06426e+00
476 7.90237e-01 1.06451e+00
477 7.87733e-01 1.03692e+00
478 8.02096e-01 1.07471e+00
479 7.97363e-01 1.04336e+00
480 8.07589e-01 1.06192e+00
481 8.10447e-01 1.04636e+00
482 7.99257e-01 1.05381e+00
483 7.73311e-01 1.07061e+00
484 7.90736e-01 1.07301e+00
485 7.86001e-01 1.07385e+00
486 7.66564e-01 1.06401e+00
487 7.72819e-01 1.06642e+00
488 7.98333e-01 1.04620e+00
489 8.07744e-01 1.06669e+00
490 8.11853e-01 1.04988e+00
491 8.17122e-01 1.07447e+00
492 7.94727e-01 1.05980e+00
493 8.03781e-01 1.07981e+00
494 8.25636e-01 1.04965e+00
495 8.02945e-01 1.03297e+00
496 8.04465e-01 1.06391e+00
497 8.02006e-01 1.05680e+00
498 7.85062e-01 1.07676e+00
499 7.80789e-01 1.06371e+00
500 8.05735e-01 1.03732e+00
501 7.92426e-01 1.02133e+00
502 7.87286e-01 1.04013e+00
503 7.66376e-01 1.02579e+00
504 7.76364e-01 1.06485e+00
505 7.82237e-01 1.05077e+00
506 8.21664e-01 1.06042e+00
507 7.92582e-01 1.07432e+00
508 7.72949e-01 1.08470e+00
509 7.82995e-01 1.09077e+00
510 7.71223e-01 1.04328e+00
511 7.74085e-01 1.04024e+00
512 7.88959e-01 1.05406e+00
513 7.92443e-01 1.08015e+00
514 8.03038e-01 1.03428e+00
515 7.71613e-01 1.07122e+00
516 7.90455e-01 1.05520e+00
517 7.85494e-01 1.04145e+00
518 7.99553e-01 1.02465e+00
519 7.83900e-01 1.08440e+00
520 7.82888e-01 1.03413e+00
521 7.93510e-01 1.07255e+00
522 7.95913e-01 1.04702e+00
523 7.93108e-01 1.05162e+00
524 7.81728e-01 1.08436e+00
525 7.75489e-01 1.06662e+00
526 7.67054e-01 1.07392e+00
527 7.82932e-01 1.03107e+00
528 8.15091e-01 1.02791e+00
529 7.95037e-01 1.06826e+00
530 7.94206e-01 1.02729e+00
531 7.75783e-01 1.03516e+00
532 7.60412e-01 1.03834e+00
533 7.55663e-01 1.06662e+00
534 7.79009e-01 1.05991e+00
535 7.64538e-01 1.05372e+00
536 8.00745e-01 1.05451e+00
537 7.83024e-01 1.04696e+00
538 7.94682e-01 1.08108e+00
539 7.63944e-01 1.06336e+00
540 7.78580e-01 1.07880e+00
541 7.55861e-01 1.05889e+00
542 7.66146e-01 1.05350e+00
543 7.95663e-01 1.06073e+00
544 7.50156e-01 1.05778e+00
545 7.71122e-01 1.03879e+00
546 7.71598e-01 1.06266e+00
547 7.62777e-01 1.04929e+00
548 7.68677e-01 1.07630e+00
549 7.79262e-01 1.08232e+00
550 7.93280e-01 1.07425e+00
551 7.72668e-01 1.06533e+00
552 7.65094e-01 1.06261e+00
553 7.88260e-01 1.05248e+00
554 7.58749e-01 1.06947e+00
555 7.86593e-01 1.04876e+00
556 7.86154e-01 1.09111e+00
557 7.76029e-01 1.08964e+00
558 7.83746e-01 1.05892e+00
559 7.77509e-01 1.06999e+00
560 7.95665e-01 1.09777e+00
561 7.73025e-01 1.06139e+00
562 7.62550e-01 1.02142e+00
563 7.80480e-01 1.07550e+00
564 7.70861e-01 1.06378e+00
565 7.85490e-01 1.06889e+00
566 7.21934e-01 1.06635e+00
567 7.62534e-01 1.04990e+00
568 7.62264e-01 1.04830e+00
569 7.98693e-01 1.04147e+00
570 7.70411e-01 1.02354e+00
571 7.75859e-01 1.06462e+00
572 7.68602e-01 1.10978e+00
573 7.46843e-01 1.07814e+00
574 7.52516e-01 1.05694e+00
575 7.51531e-01 1.10108e+00
576 7.72684e-01 1.05442e+00
577 7.50049e-01 1.04868e+00
578 7.64450e-01 1.04258e+00
579 7.50773e-01 1.07018e+00
580 7.66110e-01 1.06904e+00
581 7.49064e-01 1.09076e+00
582 7.55553e-01 1.06286e+00
583 7.57191e-01 1.04057e+00
584 7.71623e-01 1.04967e+00
585 7.52302e-01 1.07719e+00
586 7.69557e-01 1.05770e+00
587 7.51545e-01 1.07019e+00
588 7.39836e-01 1.05934e+00
589 7.35393e-01 1.06053e+00
590 7.59052e-01 1.08867e+00
591 7.52644e-01 1.05915e+00
592 7.97156e-01 1.08359e+00
593 7.51241e-01 1.08086e+00
594 7.53321e-01 1.09939e+00
595 7.60425e-01 1.06036e+00
596 7.57784e-01 1.07610e+00
597 7.63199e-01 1.09596e+00
598 7.52243e-01 1.07731e+00
599 7.69883e-01 1.04424e+00
600 7.62140e-01 1.07545e+00
601 7.19934e-01 1.06443e+00
602 7.62864e-01 1.04906e+00
603 7.62160e-01 1.02698e+00
604 7.53823e-01 1.06275e+00
605 7.61937e-01 1.06622e+00
606 7.45794e-01 1.02648e+00
607 7.45003e-01 1.06190e+00
608 7.73964e-01 1.04934e+00
609 7.26830e-01 1.07861e+00
610 7.38945e-01 1.03476e+00
611 7.56776e-01 1.03607e+00
612 7.80784e-01 1.06022e+00
613 7.55994e-01 1.06494e+00
614 7.80823e-01 1.05760e+00
615 7.50524e-01 1.07646e+00
616 7.63512e-01 1.07896e+00
617 7.50543e-01 1.07899e+00
618 7.51395e-01 1.04453e+00
619 7.48811e-01 1.06622e+00
620 7.45384e-01 1.04615e+00
621 7.55934e-01 1.05295e+00
622 7.44907e-01 1.05858e+00
623 7.47904e-01 1.05952e+00
624 7.57645e-01 1.04933e+00
625 7.33905e-01 1.08185e+00
626 7.55100e-01 1.05269e+00
627 7.44147e-01 1.12620e+00
628 7.81061e-01 1.10794e+00
629 7.88413e-01 1.10938e+00
630 7.57493e-01 1.06490e+00
631 7.91688e-01 1.08406e+00
632 7.54711e-01 1.07508e+00
633 7.57467e-01 1.05479e+00
634 7.19916e-01 1.07054e+00
635 7.49304e-01 1.10531e+00
636 7.36070e-01 1.08421e+00
637 7.36341e-01 1.05878e+00
638 7.39316e-01 1.04672e+00
639 7.46352e-01 1.10203e+00
640 7.32207e-01 1.10391e+00
641 7.26582e-01 1.10199e+00
642 7.45836e-01 1.07869e+00
643 7.30995e-01 1.07047e+00
644 7.43675e-01 1.08920e+00
645 7.45667e-01 1.05239e+00
646 7.41654e-01 1.07399e+00
647 7.52174e-01 1.08053e+00
648 7.32805e-01 1.04207e+00
649 7.37246e-01 1.08379e+00
650 7.45710e-01 1.06840e+00
651 7.29005e-01 1.07708e+00
652 7.32969e-01 1.11321e+00
653 7.62850e-01 1.09096e+00
654 7.43023e-01 1.09095e+00
655 7.34666e-01 1.06970e+00
656 7.40682e-01 1.07589e+00
657 7.61409e-01 1.10367e+00
658 7.31900e-01 1.07749e+00
659 7.71480e-01 1.07606e+00
660 7.37671e-01 1.04435e+00
661 7.66625e-01 1.05912e+00
662 7.51381e-01 1.11629e+00
663 7.11322e-01 1.09271e+00
664 7.41735e-01 1.09563e+00
665 7.55513e-01 1.10917e+00
666 7.35764e-01 1.06874e+00
667 7.73594e-01 1.10192e+00
668 7.32778e-01 1.06443e+00
669 7.43283e-01 1.07734e+00
670 7.53752e-01 1.08612e+00
671 7.16868e-01 1.10006e+00
672 7.30702e-01 1.13477e+00
673 7.25084e-01 1.08905e+00
674 7.73263e-01 1.05752e+00
675 7.25403e-01 1.12977e+00
676 7.37542e-01 1.06238e+00
677 7.37708e-01 1.05668e+00
678 7.40675e-01 1.08632e+00
679 7.48130e-01 1.06856e+00
680 7.04903e-01 1.08414e+00
681 6.97050e-01 1.10568e+00
682 7.46955e-01 1.12317e+00
683 7.29958e-01 1.12805e+00
684 7.18067e-01 1.09013e+00
685 7.51883e-01 1.07028e+00
686 7.68861e-01 1.08390e+00
687 7.31147e-01 1.09257e+00
688 7.24312e-01 1.08124e+00
689 7.47430e-01 1.08579e+00
690 7.27763e-01 1.04652e+00
691 7.32152e-01 1.08745e+00
692 7.41551e-01 1.12095e+00
693 7.19703e-01 1.06979e+00
694 7.48237e-01 1.09394e+00
695 7.49053e-01 1.05746e+00
696 7.39794e-01 1.06378e+00
697 7.29489e-01 1.04533e+00
698 6.90016e-01 1.08148e+00
699 7.33643e-01 1.04175e+00
700 7.25231e-01 1.09853e+00
701 7.15062e-01 1.07402e+00
702 7.30967e-01 1.07156e+00
703 7.03894e-01 1.09755e+00
704 7.24972e-01 1.13543e+00
705 7.30863e-01 1.07870e+00
706 7.28597e-01 1.09738e+00
707 7.26572e-01 1.09814e+00
708 7.30604e-01 1.11221e+00
709 7.13670e-01 1.09131e+00
710 7.53034e-01 1.10494e+00
711 7.32408e-01 1.12020e+00
712 7.28819e-01 1.09171e+00
713 7.42496e-01 1.05230e+00
714 7.00207e-01 1.09463e+00
715 7.20210e-01 1.06600e+00
716 7.17255e-01 1.04850e+00
717 7.14301e-01 1.11443e+00
718 7.49161e-01 1.07090e+00
719 7.04714e-01 1.09925e+00
720 7.08704e-01 1.08756e+00
721 7.07582e-01 1.12449e+00
722 7.27840e-01 1.08878e+00
723 7.14073e-01 1.10662e+00
724 7.19239e-01 1.12695e+00
725 7.23468e-01 1.10186e+00
726 7.30833e-01 1.06817e+00
727 7.27887e-01 1.11203e+00
728 7.01414e-01 1.08870e+00
729 7.36791e-01 1.10903e+00
730 7.05518e-01 1.09745e+00
731 7.17718e-01 1.12790e+00
732 7.08319e-01 1.12163e+00
733 7.18773e-01 1.07432e+00
734 7.25350e-01 1.12607e+00
735 7.05808e-01 1.07546e+00
736 7.12057e-01 1.13351e+00
737 7.29437e-01 1.08243e+00
738 7.17800e-01 1.09711e+00
739 7.37262e-01 1.10598e+00
740 7.27222e-01 1.09107e+00
741 7.18632e-01 1.12547e+00
742 6.89110e-01 1.10027e+00
743 7.31488e-01 1.11362e+00
744 7.03642e-01 1.17101e+00
745 7.53649e-01 1.07815e+00
746 7.27242e-01 1.12446e+00
747 7.05778e-01 1.08053e+00
748 7.28676e-01 1.12935e+00
749 7.23782e-01 1.08609e+00
750 7.42556e-01 1.07047e+00
751 7.27823e-01 1.09024e+00
752 7.43788e-01 1.11646e+00
753 7.19762e-01 1.11269e+00
754 7.17157e-01 1.11341e+00
755 7.47574e-01 1.12465e+00
756 7.27008e-01 1.12568e+00
757 7.02494e-01 1.11590e+00
758 7.17834e-01 1.13360e+00
759 7.40980e-01 1.09884e+00
760 7.03424e-01 1.12875e+00
761 6.77349e-01 1.12994e+00
762 6.88843e-01 1.15337e+00
763 7.20920e-01 1.12326e+00
764 7.31245e-01 1.10644e+00
765 7.13075e-01 1.15267e+00
766 6.90622e-01 1.09057e+00
767 7.05655e-01 1.10179e+00
768 7.08741e-01 1.10702e+00
769 6.98676e-01 1.07322e+00
770 7.26507e-01 1.10693e+00
771 7.19759e-01 1.04241e+00
772 6.79676e-01 1.11093e+00
773 7.37125e-01 1.09412e+00
774 7.10230e-01 1.09265e+00
775 7.18626e-01 1.11027e+00
776 6.95869e-01 1.07758e+00
777 7.01006e-01 1.12788e+00
778 7.26161e-01 1.08643e+00
779 7.08697e-01 1.11291e+00
780 7.27323e-01 1.08179e+00
781 6.96330e-01 1.06597e+00
782 7.17221e-01 1.12388e+00
783 7.17372e-01 1.14814e+00
784 7.21538e-01 1.13651e+00
785 6.99136e-01 1.10970e+00
786 6.89235e-01 1.14326e+00
787 7.18080e-01 1.13040e+00
788 7.13964e-01 1.13649e+00
789 7.06799e-01 1.10801e+00
790 7.34406e-01 1.13376e+00
791 6.95597e-01 1.13735e+00
792 7.12087e-01 1.14132e+00
793 7.46381e-01 1.12881e+00
794 7.24083e-01 1.11579e+00
795 7.00842e-01 1.11974e+00
796 6.94659e-01 1.12720e+00
797 7.00571e-01 1.17560e+00
798 6.84584e-01 1.15004e+00
799 7.12294e-01 1.15499e+00
800 7.22174e-01 1.13700e+00
801 7.06371e-01 1.17142e+00
802 7.14689e-01 1.11537e+00
803 7.25829e-01 1.09922e+00
804 6.82926e-01 1.10126e+00
805 6.79753e-01 1.12918e+00
806 7.13837e-01 1.14187e+00
807 6.72206e-01 1.11970e+00
808 6.55988e-01 1.13212e+00
809 6.90798e-01 1.15935e+00
810 7.10828e-01 1.10871e+00
811 7.01846e-01 1.17454e+00
812 6.85049e-01 1.16172e+00
813 7.01078e-01 1.15033e+00
814 7.12467e-01 1.13435e+00
815 6.88741e-01 1.13472e+00
816 6.78037e-01 1.10392e+00
817 7.48845e-01 1.09651e+00
818 6.91108e-01 1.14256e+00
819 7.05987e-01 1.09216e+00
820 6.77969e-01 1.12962e+00
821 7.02024e-01 1.11881e+00
822 6.93399e-01 1.11349e+00
823 6.99961e-01 1.12988e+00
824 6.78332e-01 1.11383e+00
825 6.85444e-01 1.11595e+00
826 7.04212e-01 1.14716e+00
827 7.04667e-01 1.16342e+00
828 7.18911e-01 1.14823e+00
829 7.03250e-01 1.17274e+00
830 6.91826e-01 1.15502e+00
831 6.76602e-01 1.14518e+00
832 6.75605e-01 1.11908e+00
833 7.14728e-01 1.13100e+00
834 6.95386e-01 1.14890e+00
835 6.83720e-01 1.13637e+00
836 6.91233e-01 1.16880e+00
837 6.54072e-01 1.15746e+00
838 6.85281e-01 1.18588e+00
839 7.06501e-01 1.12459e+00
840 6.78542e-01 1.14550e+00
841 6.94088e-01 1.13089e+00
842 6.57092e-01 1.14600e+00
843 6.98808e-01 1.19302e+00
844 6.50192e-01 1.18010e+00
845 7.08096e-01 1.18042e+00
846 6.90152e-01 1.16772e+00
847 6.41086e-01 1.18103e+00
848 6.84194e-01 1.15100e+00
849 7.10559e-01 1.16149e+00
850 7.32091e-01 1.19231e+00
851 6.67798e-01 1.19729e+00
852 7.10810e-01 1.18313e+00
853 7.26268e-01 1.16805e+00
854 7.12777e-01 1.11815e+00
855 6.63159e-01 1.15387e+00
856 7.06882e-01 1.09156e+00
857 6.73721e-01 1.16090e+00
858 6.93203e-01 1.16339e+00
859 6.98104e-01 1.16530e+00
860 7.21612e-01 1.13084e+00
861 7.01831e-01 1.12402e+00
862 6.64322e-01 1.16607e+00
863 6.75821e-01 1.13404e+00
864 7.30806e-01 1.15989e+00
865 6.85722e-01 1.14806e+00
866 6.67423e-01 1.13114e+00
867 6.73617e-01 1.14081e+00
868 6.91978e-01 1.15441e+00
869 7.04050e-01 1.15362e+00
870 6.89781e-01 1.17625e+00
871 6.52227e-01 1.17148e+00
872 6.72011e-01 1.16467e+00
873 7.02832e-01 1.15462e+00
874 6.79445e-01 1.14560e+00
875 7.00122e-01 1.18797e+00
876 6.83728e-01 1.14197e+00
877 6.76148e-01 1.15339e+00
878 6.63784e-01 1.18658e+00
879 6.41787e-01 1.18871e+00
880 6.96335e-01 1.19235e+00
881 6.96395e-01 1.14719e+00
882 7.09298e-01 1.13867e+00
883 7.03079e-01 1.19895e+00
884 6.97486e-01 1.12314e+00
885 6.59666e-01 1.16253e+00
886 6.97592e-01 1.11025e+00
887 7.21558e-01 1.18224e+00
888 6.93980e-01 1.18902e+00
889 7.00025e-01 1.13620e+00
890 6.73554e-01 1.16110e+00
891 6.80100e-01 1.13798e+00
892 6.54702e-01 1.15750e+00
893 6.85610e-01 1.14693e+00
894 6.71067e-01 1.10583e+00
895 6.64119e-01 1.17059e+00
896 6.76051e-01 1.14921e+00
897 6.61948e-01 1.15411e+00
898 6.61371e-01 1.16478e+00
899 6.81462e-01 1.18254e+00
900 6.80817e-01 1.16432e+00
901 6.55854e-01 1.18953e+00
902 7.01455e-01 1.20154e+00
903 6.76593e-01 1.20444e+00
904 6.98151e-01 1.18887e+00
905 7.22006e-01 1.19162e+00
906 6.81698e-01 1.16784e+00
907 6.83348e-01 1.13106e+00
908 6.80246e-01 1.15998e+00
909 6.99426e-01 1.17472e+00
910 6.64514e-01 1.20160e+00
911 7.22082e-01 1.10013e+00
912 7.16620e-01 1.13816e+00
913 6.89004e-01 1.10862e+00
914 6.95256e-01 1.10460e+00
915 6.76957e-01 1.19636e+00
916 6.67071e-01 1.20126e+00
917 6.79610e-01 1.16258e+00
918 6.80343e-01 1.15944e+00
919 6.51667e-01 1.18279e+00
920 6.75680e-01 1.19960e+00
921 7.06821e-01 1.17963e+00
922 6.41651e-01 1.14433e+00
923 6.05304e-01 1.19564e+00
924 6.74372e-01 1.13663e+00
925 6.65841e-01 1.12047e+00
926 6.62040e-01 1.14923e+00
927 6.47904e-01 1.22474e+00
928 6.72886e-01 1.15475e+00
929 6.75051e-01 1.18885e+00
930 6.87289e-01 1.17336e+00
931 6.70444e-01 1.18356e+00
932 6.92640e-01 1.17757e+00
933 6.57306e-01 1.19404e+00
934 6.69678e-01 1.21759e+00
935 6.55752e-01 1.14970e+00
936 6.62535e-01 1.16524e+00
937 6.64581e-01 1.11310e+00
938 6.68621e-01 1.16999e+00
939 6.55170e-01 1.12399e+00
940 6.67058e-01 1.08112e+00
941 6.86539e-01 1.12877e+00
942 7.00038e-01 1.14839e+00
943 6.84149e-01 1.16120e+00
944 6.47409e-01 1.19378e+00
945 6.57515e-01 1.19318e+00
946 6.51685e-01 1.17325e+00
947 6.61793e-01 1.15280e+00
948 6.84594e-01 1.18431e+00
949 6.33805e-01 1.15472e+00
950 6.79023e-01 1.16620e+00
951 6.57268e-01 1.20966e+00
952 6.69223e-01 1.16274e+00
953 6.64276e-01 1.15948e+00
954 6.58958e-01 1.16907e+00
955 7.17475e-01 1.10433e+00
956 6.59522e-01 1.16279e+00
957 6.92674e-01 1.13410e+00
958 6.73813e-01 1.15629e+00
959 7.14897e-01 1.14117e+00
960 6.85367e-01 1.19447e+00
961 7.04703e-01 1.20219e+00
962 6.72512e-01 1.19108e+00
963 6.34966e-01 1.18098e+00
964 6.65486e-01 1.18174e+00
965 6.81475e-01 1.14882e+00
966 6.83937e-01 1.15304e+00
967 6.64690e-01 1.18739e+00
968 6.65805e-01 1.19477e+00
969 6.83578e-01 1.16920e+00
970 6.62347e-01 1.15743e+00
971 6.41927e-01 1.15461e+00
972 6.67108e-01 1.15743e+00
973 6.69335e-01 1.13795e+00
974 6.88222e-01 1.11414e+00
975 6.77262e-01 1.14400e+00
976 6.97924e-01 1.09171e+00
977 6.59351e-01 1.17239e+00
978 6.76166e-01 1.15784e+00
979 6.74036e-01 1.18190e+00
980 6.83179e-01 1.14459e+00
981 6.62406e-01 1.16997e+00
982 6.56630e-01 1.12043e+00
983 6.59287e-01 1.08275e+00
984 6.61197e-01 1.13420e+00
985 6.20426e-01 1.11974e+00
986 6.88247e-01 1.16906e+00
987 6.82765e-01 1.14567e+00
988 6.44274e-01 1.18690e+00
989 6.35028e-01 1.15512e+00
990 6.68687e-01 1.18501e+00
991 6.73695e-01 1.18006e+00
992 6.35608e-01 1.14527e+00
993 6.36607e-01 1.18299e+00
994 6.57228e-01 1.16276e+00
995 6.79339e-01 1.15590e+00
996 6.72552e-01 1.13268e+00
997 6.49782e-01 1.17245e+00
998 6.54254e-01 1.17364e+00
999 6.62699e-01 1.15235e+00
