training dataset: fesc_test
seed = 5
umFeatures = 7
Feature List: SFRs, Mstars, masses, redshifts, fgases, min_dist, t_lookback
fluxSize = 4
batch_size = 80
epochs     = 1000
0 epoch  1 train loss  2 test loss
0 1.48810e+00 1.35028e+00
1 1.49103e+00 1.35513e+00
2 1.41501e+00 1.35377e+00
3 1.43034e+00 1.35525e+00
4 1.38278e+00 1.35417e+00
5 1.33741e+00 1.35300e+00
6 1.33404e+00 1.35517e+00
7 1.34695e+00 1.35646e+00
8 1.37289e+00 1.35922e+00
9 1.29443e+00 1.35898e+00
10 1.33002e+00 1.36000e+00
11 1.29498e+00 1.35988e+00
12 1.31850e+00 1.35768e+00
13 1.30825e+00 1.35918e+00
14 1.36736e+00 1.36034e+00
15 1.30202e+00 1.36080e+00
16 1.29529e+00 1.35861e+00
17 1.30779e+00 1.35606e+00
18 1.30467e+00 1.35345e+00
19 1.28911e+00 1.35093e+00
20 1.28616e+00 1.34778e+00
21 1.31270e+00 1.34410e+00
22 1.30593e+00 1.34495e+00
23 1.28791e+00 1.34391e+00
24 1.27206e+00 1.34198e+00
25 1.28267e+00 1.34158e+00
26 1.27075e+00 1.33850e+00
27 1.30416e+00 1.33820e+00
28 1.28827e+00 1.33527e+00
29 1.26473e+00 1.33205e+00
30 1.28121e+00 1.33192e+00
31 1.25503e+00 1.33079e+00
32 1.26798e+00 1.32827e+00
33 1.26499e+00 1.32656e+00
34 1.28225e+00 1.32520e+00
35 1.27113e+00 1.32393e+00
36 1.25789e+00 1.32320e+00
37 1.25317e+00 1.31810e+00
38 1.26192e+00 1.31485e+00
39 1.28094e+00 1.31660e+00
40 1.25789e+00 1.31583e+00
41 1.27478e+00 1.31644e+00
42 1.26757e+00 1.31191e+00
43 1.27248e+00 1.30928e+00
44 1.25034e+00 1.30643e+00
45 1.23768e+00 1.30401e+00
46 1.24239e+00 1.30154e+00
47 1.25474e+00 1.30023e+00
48 1.23624e+00 1.29775e+00
49 1.25158e+00 1.29517e+00
50 1.25261e+00 1.29529e+00
51 1.23744e+00 1.29144e+00
52 1.22460e+00 1.28665e+00
53 1.24041e+00 1.27969e+00
54 1.23002e+00 1.27497e+00
55 1.22695e+00 1.27027e+00
56 1.22943e+00 1.26508e+00
57 1.24887e+00 1.26065e+00
58 1.20198e+00 1.25516e+00
59 1.22167e+00 1.24688e+00
60 1.23048e+00 1.24165e+00
61 1.21102e+00 1.23269e+00
62 1.22418e+00 1.22706e+00
63 1.19801e+00 1.21347e+00
64 1.24081e+00 1.21822e+00
65 1.20183e+00 1.21673e+00
66 1.20891e+00 1.21281e+00
67 1.20347e+00 1.20980e+00
68 1.17026e+00 1.20105e+00
69 1.17696e+00 1.19193e+00
70 1.15880e+00 1.18177e+00
71 1.18316e+00 1.17855e+00
72 1.16957e+00 1.17622e+00
73 1.22023e+00 1.18011e+00
74 1.17828e+00 1.17470e+00
75 1.18009e+00 1.17312e+00
76 1.17468e+00 1.17328e+00
77 1.19011e+00 1.17192e+00
78 1.18093e+00 1.17042e+00
79 1.15028e+00 1.16104e+00
80 1.17623e+00 1.15686e+00
81 1.15550e+00 1.15554e+00
82 1.15553e+00 1.15512e+00
83 1.19740e+00 1.15484e+00
84 1.17791e+00 1.15339e+00
85 1.16560e+00 1.14983e+00
86 1.14315e+00 1.14241e+00
87 1.15240e+00 1.13761e+00
88 1.15199e+00 1.13900e+00
89 1.14195e+00 1.13430e+00
90 1.16220e+00 1.13571e+00
91 1.17832e+00 1.13668e+00
92 1.14290e+00 1.13512e+00
93 1.15538e+00 1.13594e+00
94 1.15359e+00 1.12993e+00
95 1.13791e+00 1.12362e+00
96 1.14643e+00 1.12804e+00
97 1.16954e+00 1.13222e+00
98 1.15429e+00 1.12959e+00
99 1.14271e+00 1.12791e+00
100 1.14970e+00 1.13038e+00
101 1.15606e+00 1.13329e+00
102 1.13539e+00 1.12889e+00
103 1.14414e+00 1.12776e+00
104 1.14138e+00 1.12514e+00
105 1.14288e+00 1.12099e+00
106 1.13537e+00 1.11865e+00
107 1.14705e+00 1.11547e+00
108 1.12260e+00 1.11090e+00
109 1.13543e+00 1.11683e+00
110 1.12662e+00 1.11348e+00
111 1.13804e+00 1.11256e+00
112 1.15345e+00 1.10988e+00
113 1.13009e+00 1.10796e+00
114 1.11957e+00 1.10620e+00
115 1.11362e+00 1.10607e+00
116 1.13852e+00 1.10433e+00
117 1.16246e+00 1.11198e+00
118 1.13107e+00 1.11387e+00
119 1.13153e+00 1.11351e+00
120 1.15284e+00 1.11413e+00
121 1.13999e+00 1.11175e+00
122 1.14189e+00 1.11175e+00
123 1.13358e+00 1.11007e+00
124 1.11134e+00 1.10845e+00
125 1.12310e+00 1.10745e+00
126 1.09960e+00 1.10354e+00
127 1.12842e+00 1.10451e+00
128 1.12586e+00 1.10413e+00
129 1.15365e+00 1.10592e+00
130 1.13834e+00 1.10934e+00
131 1.10892e+00 1.10822e+00
132 1.13205e+00 1.10856e+00
133 1.12313e+00 1.10610e+00
134 1.14992e+00 1.10570e+00
135 1.11602e+00 1.10405e+00
136 1.15034e+00 1.10547e+00
137 1.11076e+00 1.10183e+00
138 1.14036e+00 1.10171e+00
139 1.12872e+00 1.09999e+00
140 1.12626e+00 1.10028e+00
141 1.12190e+00 1.09962e+00
142 1.10683e+00 1.09679e+00
143 1.10312e+00 1.09503e+00
144 1.12109e+00 1.09769e+00
145 1.11459e+00 1.09325e+00
146 1.10544e+00 1.09230e+00
147 1.12624e+00 1.09399e+00
148 1.15298e+00 1.09610e+00
149 1.13790e+00 1.09721e+00
150 1.09812e+00 1.09390e+00
151 1.08899e+00 1.09043e+00
152 1.13060e+00 1.09476e+00
153 1.11463e+00 1.09324e+00
154 1.12887e+00 1.09384e+00
155 1.11071e+00 1.09006e+00
156 1.10514e+00 1.08811e+00
157 1.11555e+00 1.09347e+00
158 1.09293e+00 1.09031e+00
159 1.13990e+00 1.09098e+00
160 1.11961e+00 1.09073e+00
161 1.11569e+00 1.08965e+00
162 1.09508e+00 1.08654e+00
163 1.12964e+00 1.08736e+00
164 1.13815e+00 1.09051e+00
165 1.11329e+00 1.08751e+00
166 1.11819e+00 1.08640e+00
167 1.12200e+00 1.08688e+00
168 1.09412e+00 1.08423e+00
169 1.11521e+00 1.08541e+00
170 1.08492e+00 1.07982e+00
171 1.07141e+00 1.07839e+00
172 1.13301e+00 1.08645e+00
173 1.09940e+00 1.08543e+00
174 1.10469e+00 1.08646e+00
175 1.08089e+00 1.08391e+00
176 1.11753e+00 1.08502e+00
177 1.07453e+00 1.08050e+00
178 1.08799e+00 1.07791e+00
179 1.11428e+00 1.07992e+00
180 1.13165e+00 1.08118e+00
181 1.08938e+00 1.08036e+00
182 1.13198e+00 1.08360e+00
183 1.10405e+00 1.08317e+00
184 1.09029e+00 1.08338e+00
185 1.09891e+00 1.08353e+00
186 1.09992e+00 1.08437e+00
187 1.07428e+00 1.08032e+00
188 1.08617e+00 1.08015e+00
189 1.08230e+00 1.07766e+00
190 1.07639e+00 1.07532e+00
191 1.12886e+00 1.07866e+00
192 1.11643e+00 1.07647e+00
193 1.10212e+00 1.08178e+00
194 1.08890e+00 1.08154e+00
195 1.09324e+00 1.08080e+00
196 1.08147e+00 1.07495e+00
197 1.12586e+00 1.07984e+00
198 1.12040e+00 1.08114e+00
199 1.11544e+00 1.08452e+00
200 1.10250e+00 1.08332e+00
201 1.08778e+00 1.08064e+00
202 1.07916e+00 1.07607e+00
203 1.08086e+00 1.07314e+00
204 1.06668e+00 1.07103e+00
205 1.11586e+00 1.07280e+00
206 1.12658e+00 1.07614e+00
207 1.10052e+00 1.07606e+00
208 1.07885e+00 1.07291e+00
209 1.09510e+00 1.07409e+00
210 1.09869e+00 1.07910e+00
211 1.08840e+00 1.07864e+00
212 1.07559e+00 1.07452e+00
213 1.09980e+00 1.07327e+00
214 1.08909e+00 1.07249e+00
215 1.08446e+00 1.07607e+00
216 1.09036e+00 1.07394e+00
217 1.09379e+00 1.07144e+00
218 1.08565e+00 1.07177e+00
219 1.08531e+00 1.07430e+00
220 1.08196e+00 1.07191e+00
221 1.09746e+00 1.07137e+00
222 1.08612e+00 1.07103e+00
223 1.07352e+00 1.06895e+00
224 1.08655e+00 1.06995e+00
225 1.10575e+00 1.07492e+00
226 1.10486e+00 1.07308e+00
227 1.09687e+00 1.07135e+00
228 1.08599e+00 1.07350e+00
229 1.07744e+00 1.07218e+00
230 1.07891e+00 1.07304e+00
231 1.09042e+00 1.07212e+00
232 1.10642e+00 1.07394e+00
233 1.07410e+00 1.07386e+00
234 1.09010e+00 1.07173e+00
235 1.08165e+00 1.06968e+00
236 1.05910e+00 1.06738e+00
237 1.10045e+00 1.06771e+00
238 1.07061e+00 1.06853e+00
239 1.05976e+00 1.06439e+00
240 1.06297e+00 1.06619e+00
241 1.06077e+00 1.06554e+00
242 1.08074e+00 1.06410e+00
243 1.08622e+00 1.06432e+00
244 1.07943e+00 1.06273e+00
245 1.08596e+00 1.06290e+00
246 1.09159e+00 1.06537e+00
247 1.07836e+00 1.06366e+00
248 1.06934e+00 1.06198e+00
249 1.08794e+00 1.06659e+00
250 1.08010e+00 1.06441e+00
251 1.09769e+00 1.06622e+00
252 1.05298e+00 1.06349e+00
253 1.07742e+00 1.06283e+00
254 1.04679e+00 1.06436e+00
255 1.07893e+00 1.06358e+00
256 1.08078e+00 1.06635e+00
257 1.07001e+00 1.06532e+00
258 1.09921e+00 1.06844e+00
259 1.06800e+00 1.06893e+00
260 1.05535e+00 1.06568e+00
261 1.10669e+00 1.06716e+00
262 1.08498e+00 1.06788e+00
263 1.07192e+00 1.06599e+00
264 1.08611e+00 1.06575e+00
265 1.09013e+00 1.06731e+00
266 1.08784e+00 1.06547e+00
267 1.08303e+00 1.06529e+00
268 1.07093e+00 1.06397e+00
269 1.09664e+00 1.06384e+00
270 1.06652e+00 1.06097e+00
271 1.05610e+00 1.06040e+00
272 1.05673e+00 1.05842e+00
273 1.07941e+00 1.05919e+00
274 1.05637e+00 1.06005e+00
275 1.08231e+00 1.06419e+00
276 1.07204e+00 1.06399e+00
277 1.07232e+00 1.06260e+00
278 1.05832e+00 1.06101e+00
279 1.07824e+00 1.05844e+00
280 1.06536e+00 1.05747e+00
281 1.08533e+00 1.05871e+00
282 1.09454e+00 1.06107e+00
283 1.06446e+00 1.06000e+00
284 1.07310e+00 1.06252e+00
285 1.07279e+00 1.06421e+00
286 1.07658e+00 1.06233e+00
287 1.06040e+00 1.06406e+00
288 1.07900e+00 1.06774e+00
289 1.05737e+00 1.06288e+00
290 1.06130e+00 1.06077e+00
291 1.05797e+00 1.06091e+00
292 1.06723e+00 1.05977e+00
293 1.06336e+00 1.05938e+00
294 1.09914e+00 1.06190e+00
295 1.07706e+00 1.06058e+00
296 1.07499e+00 1.06341e+00
297 1.04674e+00 1.05720e+00
298 1.08157e+00 1.05814e+00
299 1.06742e+00 1.05882e+00
300 1.07432e+00 1.05759e+00
301 1.06171e+00 1.05563e+00
302 1.04781e+00 1.05457e+00
303 1.05176e+00 1.05550e+00
304 1.06222e+00 1.05428e+00
305 1.06558e+00 1.05580e+00
306 1.05482e+00 1.05771e+00
307 1.07615e+00 1.05805e+00
308 1.06427e+00 1.05664e+00
309 1.05855e+00 1.05321e+00
310 1.06567e+00 1.05474e+00
311 1.04687e+00 1.05476e+00
312 1.05792e+00 1.05591e+00
313 1.04169e+00 1.05588e+00
314 1.07502e+00 1.05764e+00
315 1.05579e+00 1.05714e+00
316 1.05396e+00 1.05677e+00
317 1.07074e+00 1.05921e+00
318 1.05585e+00 1.05676e+00
319 1.05832e+00 1.05874e+00
320 1.06374e+00 1.05587e+00
321 1.04343e+00 1.05470e+00
322 1.07108e+00 1.05311e+00
323 1.04984e+00 1.05361e+00
324 1.06697e+00 1.05682e+00
325 1.05801e+00 1.05565e+00
326 1.06936e+00 1.05704e+00
327 1.08365e+00 1.05931e+00
328 1.03713e+00 1.05446e+00
329 1.06585e+00 1.05388e+00
330 1.05223e+00 1.05341e+00
331 1.07338e+00 1.05466e+00
332 1.05481e+00 1.05569e+00
333 1.05122e+00 1.05845e+00
334 1.08743e+00 1.05653e+00
335 1.07498e+00 1.05628e+00
336 1.07912e+00 1.05961e+00
337 1.05743e+00 1.05747e+00
338 1.05518e+00 1.05763e+00
339 1.06874e+00 1.05485e+00
340 1.05962e+00 1.05837e+00
341 1.05542e+00 1.05585e+00
342 1.08079e+00 1.05635e+00
343 1.05343e+00 1.05656e+00
344 1.06175e+00 1.06085e+00
345 1.07623e+00 1.05980e+00
346 1.04051e+00 1.05775e+00
347 1.06633e+00 1.05675e+00
348 1.07549e+00 1.05588e+00
349 1.05146e+00 1.05582e+00
350 1.07143e+00 1.05316e+00
351 1.06934e+00 1.05769e+00
352 1.05231e+00 1.05478e+00
353 1.06277e+00 1.05282e+00
354 1.04101e+00 1.04925e+00
355 1.05836e+00 1.05001e+00
356 1.04117e+00 1.05385e+00
357 1.04226e+00 1.05165e+00
358 1.04584e+00 1.04833e+00
359 1.05011e+00 1.04947e+00
360 1.05834e+00 1.05144e+00
361 1.03679e+00 1.04973e+00
362 1.06159e+00 1.05246e+00
363 1.07665e+00 1.05319e+00
364 1.05291e+00 1.05341e+00
365 1.05144e+00 1.05331e+00
366 1.04615e+00 1.05239e+00
367 1.05195e+00 1.05134e+00
368 1.03621e+00 1.05208e+00
369 1.06992e+00 1.05356e+00
370 1.06310e+00 1.05434e+00
371 1.04902e+00 1.05325e+00
372 1.05030e+00 1.05151e+00
373 1.04575e+00 1.05262e+00
374 1.04355e+00 1.05397e+00
375 1.04353e+00 1.05324e+00
376 1.06060e+00 1.05424e+00
377 1.05530e+00 1.05638e+00
378 1.03949e+00 1.05763e+00
379 1.06326e+00 1.05544e+00
380 1.03702e+00 1.05110e+00
381 1.04298e+00 1.05266e+00
382 1.04076e+00 1.05496e+00
383 1.03209e+00 1.05374e+00
384 1.02155e+00 1.05317e+00
385 1.05126e+00 1.05297e+00
386 1.04108e+00 1.05416e+00
387 1.03294e+00 1.05318e+00
388 1.03769e+00 1.05306e+00
389 1.05308e+00 1.05497e+00
390 1.05418e+00 1.05291e+00
391 1.04461e+00 1.05228e+00
392 1.03825e+00 1.05355e+00
393 1.05863e+00 1.05391e+00
394 1.05178e+00 1.05280e+00
395 1.06812e+00 1.05274e+00
396 1.04777e+00 1.05131e+00
397 1.05033e+00 1.05419e+00
398 1.04769e+00 1.05501e+00
399 1.01601e+00 1.05378e+00
400 1.06665e+00 1.05422e+00
401 1.01977e+00 1.05523e+00
402 1.05935e+00 1.05358e+00
403 1.04258e+00 1.05577e+00
404 1.04727e+00 1.05775e+00
405 1.03116e+00 1.05640e+00
406 1.04268e+00 1.05636e+00
407 1.05376e+00 1.05882e+00
408 1.03652e+00 1.05479e+00
409 1.04014e+00 1.05116e+00
410 1.04787e+00 1.05581e+00
411 1.04824e+00 1.05326e+00
412 1.04877e+00 1.05306e+00
413 1.02491e+00 1.04857e+00
414 1.03552e+00 1.05215e+00
415 1.03623e+00 1.05295e+00
416 1.03615e+00 1.05097e+00
417 1.02092e+00 1.05469e+00
418 1.04937e+00 1.05526e+00
419 1.03641e+00 1.05313e+00
420 1.03237e+00 1.05332e+00
421 1.04510e+00 1.05223e+00
422 1.05137e+00 1.05055e+00
423 1.04342e+00 1.05160e+00
424 1.03946e+00 1.04985e+00
425 1.04035e+00 1.05149e+00
426 1.03973e+00 1.05111e+00
427 1.03801e+00 1.05273e+00
428 1.03894e+00 1.05416e+00
429 1.03894e+00 1.05201e+00
430 1.03616e+00 1.05338e+00
431 1.04249e+00 1.05393e+00
432 1.03946e+00 1.05176e+00
433 1.03497e+00 1.05198e+00
434 1.03769e+00 1.05084e+00
435 1.03474e+00 1.05286e+00
436 1.03640e+00 1.05207e+00
437 1.03550e+00 1.05088e+00
438 1.05882e+00 1.05194e+00
439 1.03126e+00 1.04982e+00
440 1.04880e+00 1.05294e+00
441 1.04383e+00 1.05142e+00
442 1.02130e+00 1.05293e+00
443 1.03024e+00 1.05178e+00
444 1.02784e+00 1.05149e+00
445 1.02353e+00 1.05612e+00
446 1.04584e+00 1.05409e+00
447 1.04310e+00 1.05527e+00
448 1.05874e+00 1.05612e+00
449 1.03121e+00 1.05297e+00
450 1.02759e+00 1.05382e+00
451 1.03082e+00 1.04748e+00
452 1.03770e+00 1.04855e+00
453 1.03253e+00 1.05133e+00
454 1.02949e+00 1.05368e+00
455 1.02140e+00 1.05285e+00
456 1.02718e+00 1.04827e+00
457 1.05172e+00 1.05043e+00
458 1.01526e+00 1.05043e+00
459 1.03925e+00 1.04649e+00
460 1.03369e+00 1.04909e+00
461 1.03855e+00 1.04824e+00
462 1.00987e+00 1.04708e+00
463 1.02920e+00 1.05149e+00
464 1.01956e+00 1.04736e+00
465 1.03311e+00 1.04880e+00
466 1.01957e+00 1.04929e+00
467 1.01119e+00 1.04871e+00
468 1.06680e+00 1.04721e+00
469 1.01901e+00 1.04830e+00
470 1.05679e+00 1.05201e+00
471 1.01523e+00 1.04834e+00
472 1.02779e+00 1.05071e+00
473 1.03312e+00 1.04947e+00
474 1.02378e+00 1.05135e+00
475 1.04129e+00 1.05200e+00
476 1.02494e+00 1.04884e+00
477 1.01867e+00 1.04801e+00
478 1.01662e+00 1.04793e+00
479 1.01828e+00 1.04718e+00
480 1.05142e+00 1.04849e+00
481 1.03837e+00 1.05028e+00
482 1.04996e+00 1.04969e+00
483 1.01975e+00 1.05019e+00
484 1.01446e+00 1.05201e+00
485 1.01668e+00 1.05027e+00
486 1.03127e+00 1.04804e+00
487 1.01295e+00 1.04775e+00
488 1.02755e+00 1.04802e+00
489 1.00713e+00 1.04926e+00
490 1.05573e+00 1.04976e+00
491 1.02050e+00 1.05049e+00
492 1.02260e+00 1.04924e+00
493 1.02812e+00 1.05121e+00
494 1.00962e+00 1.05007e+00
495 1.02544e+00 1.05056e+00
496 1.01729e+00 1.04951e+00
497 1.03148e+00 1.05193e+00
498 1.02717e+00 1.05135e+00
499 1.01487e+00 1.04998e+00
500 1.03238e+00 1.04782e+00
501 1.03555e+00 1.04722e+00
502 1.01534e+00 1.04606e+00
503 1.01955e+00 1.04641e+00
504 1.03293e+00 1.05115e+00
505 1.01239e+00 1.05173e+00
506 1.01398e+00 1.05242e+00
507 1.04746e+00 1.05339e+00
508 1.02698e+00 1.05399e+00
509 1.01674e+00 1.05180e+00
510 1.01380e+00 1.04986e+00
511 1.01208e+00 1.05235e+00
512 1.02345e+00 1.05278e+00
513 1.00703e+00 1.04986e+00
514 1.01785e+00 1.04723e+00
515 1.02846e+00 1.04877e+00
516 1.02283e+00 1.04875e+00
517 1.00734e+00 1.04881e+00
518 1.02012e+00 1.04810e+00
519 1.03202e+00 1.04891e+00
520 1.03129e+00 1.05036e+00
521 1.00517e+00 1.04789e+00
522 1.02901e+00 1.05093e+00
523 1.02860e+00 1.05307e+00
524 1.02932e+00 1.05581e+00
525 1.03026e+00 1.05208e+00
526 1.02223e+00 1.05086e+00
527 1.01919e+00 1.05374e+00
528 1.02512e+00 1.05417e+00
529 1.02402e+00 1.05308e+00
530 9.89718e-01 1.05236e+00
531 1.02248e+00 1.05413e+00
532 1.03573e+00 1.05484e+00
533 1.00835e+00 1.05250e+00
534 1.01027e+00 1.05193e+00
535 1.01019e+00 1.05670e+00
536 1.04180e+00 1.05758e+00
537 1.00741e+00 1.05612e+00
538 1.00224e+00 1.05276e+00
539 1.02066e+00 1.05484e+00
540 1.02432e+00 1.05353e+00
541 1.01590e+00 1.05497e+00
542 1.01012e+00 1.05447e+00
543 1.00632e+00 1.05218e+00
544 1.00765e+00 1.05292e+00
545 1.04093e+00 1.05563e+00
546 9.99680e-01 1.05679e+00
547 1.00312e+00 1.05460e+00
548 1.01454e+00 1.05484e+00
549 1.00104e+00 1.05590e+00
550 1.00423e+00 1.05421e+00
551 1.03425e+00 1.05227e+00
552 1.01038e+00 1.05543e+00
553 1.00951e+00 1.05451e+00
554 1.02224e+00 1.05516e+00
555 1.04379e+00 1.05784e+00
556 1.01324e+00 1.05723e+00
557 9.92403e-01 1.05543e+00
558 1.03153e+00 1.05845e+00
559 9.99515e-01 1.05583e+00
560 1.02256e+00 1.05665e+00
561 1.02286e+00 1.05530e+00
562 1.00979e+00 1.05913e+00
563 9.91337e-01 1.05852e+00
564 1.04829e+00 1.05709e+00
565 1.03442e+00 1.05886e+00
566 1.03231e+00 1.05375e+00
567 9.96428e-01 1.05389e+00
568 1.02139e+00 1.05355e+00
569 9.92952e-01 1.05364e+00
570 1.03493e+00 1.05314e+00
571 1.01486e+00 1.05352e+00
572 9.99639e-01 1.05171e+00
573 1.03189e+00 1.05228e+00
574 1.02361e+00 1.05186e+00
575 1.00463e+00 1.05349e+00
576 1.02679e+00 1.05530e+00
577 1.03195e+00 1.05363e+00
578 1.03555e+00 1.05392e+00
579 1.01708e+00 1.05266e+00
580 1.01960e+00 1.05245e+00
581 1.00478e+00 1.05118e+00
582 1.02368e+00 1.05109e+00
583 1.01781e+00 1.05204e+00
584 1.00743e+00 1.05345e+00
585 9.92242e-01 1.05303e+00
586 1.01518e+00 1.05520e+00
587 1.01126e+00 1.05491e+00
588 1.01499e+00 1.05501e+00
589 1.01036e+00 1.05434e+00
590 1.01951e+00 1.05386e+00
591 1.01448e+00 1.05321e+00
592 1.00914e+00 1.05441e+00
593 1.00796e+00 1.05466e+00
594 9.95544e-01 1.05713e+00
595 1.01637e+00 1.05328e+00
596 1.00066e+00 1.05357e+00
597 1.00912e+00 1.05488e+00
598 1.01253e+00 1.05356e+00
599 1.01157e+00 1.05337e+00
600 9.95823e-01 1.05235e+00
601 1.00484e+00 1.05340e+00
602 1.01665e+00 1.05378e+00
603 1.00650e+00 1.05516e+00
604 1.02804e+00 1.05636e+00
605 9.95618e-01 1.05824e+00
606 1.01457e+00 1.05509e+00
607 1.02215e+00 1.05457e+00
608 1.02534e+00 1.05353e+00
609 9.96779e-01 1.05687e+00
610 1.01168e+00 1.05277e+00
611 1.01565e+00 1.05047e+00
612 1.01351e+00 1.05186e+00
613 1.01067e+00 1.05335e+00
614 1.01137e+00 1.05278e+00
615 1.00191e+00 1.05348e+00
616 9.96586e-01 1.05253e+00
617 1.01317e+00 1.05250e+00
618 1.02827e+00 1.05298e+00
619 9.92537e-01 1.05350e+00
620 1.00475e+00 1.05508e+00
621 1.01195e+00 1.05401e+00
622 1.00837e+00 1.05217e+00
623 1.01768e+00 1.05570e+00
624 1.00173e+00 1.05399e+00
625 1.01462e+00 1.05222e+00
626 1.00610e+00 1.05188e+00
627 9.92435e-01 1.05076e+00
628 1.00324e+00 1.05276e+00
629 9.91887e-01 1.05296e+00
630 1.00726e+00 1.05290e+00
631 1.01294e+00 1.05214e+00
632 1.04569e+00 1.05335e+00
633 9.96889e-01 1.05236e+00
634 1.00631e+00 1.05437e+00
635 1.02083e+00 1.05470e+00
636 1.01174e+00 1.05400e+00
637 9.90023e-01 1.05373e+00
638 9.95349e-01 1.05160e+00
639 9.99851e-01 1.05469e+00
640 1.00115e+00 1.05420e+00
641 1.01984e+00 1.05354e+00
642 1.00420e+00 1.05457e+00
643 9.94015e-01 1.05259e+00
644 9.91013e-01 1.05331e+00
645 1.00686e+00 1.05626e+00
646 1.00814e+00 1.05423e+00
647 1.00454e+00 1.05358e+00
648 9.95621e-01 1.05672e+00
649 9.89227e-01 1.05522e+00
650 1.01223e+00 1.05634e+00
651 1.01743e+00 1.05409e+00
652 1.01848e+00 1.05453e+00
653 1.00111e+00 1.05557e+00
654 1.00302e+00 1.05668e+00
655 1.00236e+00 1.05489e+00
656 1.00541e+00 1.05353e+00
657 1.00876e+00 1.05412e+00
658 1.00149e+00 1.05332e+00
659 9.84826e-01 1.05540e+00
660 1.00650e+00 1.05546e+00
661 9.86756e-01 1.05626e+00
662 1.02240e+00 1.05507e+00
663 9.81445e-01 1.05504e+00
664 1.00483e+00 1.05299e+00
665 1.00095e+00 1.05298e+00
666 9.92706e-01 1.05516e+00
667 1.00462e+00 1.05707e+00
668 1.01074e+00 1.05796e+00
669 1.01321e+00 1.05602e+00
670 9.93869e-01 1.05528e+00
671 9.95839e-01 1.05717e+00
672 9.98887e-01 1.05629e+00
673 1.02700e+00 1.05779e+00
674 1.00353e+00 1.05530e+00
675 1.01038e+00 1.05543e+00
676 1.02193e+00 1.05555e+00
677 1.00948e+00 1.05535e+00
678 1.00140e+00 1.05477e+00
679 9.98767e-01 1.05545e+00
680 1.00013e+00 1.05582e+00
681 9.97590e-01 1.05711e+00
682 9.88843e-01 1.05690e+00
683 9.88400e-01 1.05742e+00
684 1.01045e+00 1.05655e+00
685 9.99235e-01 1.05647e+00
686 1.01811e+00 1.05558e+00
687 9.99569e-01 1.05602e+00
688 1.01634e+00 1.05682e+00
689 9.93531e-01 1.05675e+00
690 9.78666e-01 1.05506e+00
691 9.93021e-01 1.05458e+00
692 1.00927e+00 1.05361e+00
693 9.93899e-01 1.05385e+00
694 1.00486e+00 1.05424e+00
695 1.00322e+00 1.05428e+00
696 1.00559e+00 1.05546e+00
697 1.00881e+00 1.05665e+00
698 9.80438e-01 1.05517e+00
699 9.95649e-01 1.05573e+00
700 1.01533e+00 1.05536e+00
701 1.00868e+00 1.05454e+00
702 1.01411e+00 1.05493e+00
703 9.97602e-01 1.05351e+00
704 9.94112e-01 1.05395e+00
705 9.93100e-01 1.05389e+00
706 1.00884e+00 1.05373e+00
707 1.00303e+00 1.05353e+00
708 9.83669e-01 1.05441e+00
709 1.01019e+00 1.05407e+00
710 1.00137e+00 1.05433e+00
711 1.00582e+00 1.05359e+00
712 9.92449e-01 1.05381e+00
713 1.01138e+00 1.05490e+00
714 1.00811e+00 1.05621e+00
715 9.84329e-01 1.05608e+00
716 9.98740e-01 1.05487e+00
717 1.00416e+00 1.05351e+00
718 1.00709e+00 1.05382e+00
719 9.93438e-01 1.05355e+00
720 1.00565e+00 1.05440e+00
721 1.00410e+00 1.05365e+00
722 1.00623e+00 1.05366e+00
723 1.00805e+00 1.05337e+00
724 9.97801e-01 1.05202e+00
725 9.80884e-01 1.05131e+00
726 9.97781e-01 1.05126e+00
727 1.01074e+00 1.05225e+00
728 9.96114e-01 1.05148e+00
729 1.00087e+00 1.05188e+00
730 9.72623e-01 1.05234e+00
731 9.70041e-01 1.05323e+00
732 9.90165e-01 1.05384e+00
733 9.77991e-01 1.05299e+00
734 1.03089e+00 1.05153e+00
735 1.02823e+00 1.05301e+00
736 9.83853e-01 1.05358e+00
737 9.82896e-01 1.05329e+00
738 9.93892e-01 1.05458e+00
739 9.94979e-01 1.05584e+00
740 9.87245e-01 1.05735e+00
741 1.01984e+00 1.05625e+00
742 1.00182e+00 1.05635e+00
743 9.96028e-01 1.05708e+00
744 9.95472e-01 1.05410e+00
745 1.00065e+00 1.05540e+00
746 9.95341e-01 1.05425e+00
747 9.88508e-01 1.05517e+00
748 1.00281e+00 1.05657e+00
749 1.00841e+00 1.05792e+00
750 9.85719e-01 1.05741e+00
751 9.96507e-01 1.05592e+00
752 9.81722e-01 1.05558e+00
753 9.98820e-01 1.05640e+00
754 1.00324e+00 1.05586e+00
755 9.76137e-01 1.05702e+00
756 1.01312e+00 1.05677e+00
757 9.86825e-01 1.05726e+00
758 9.93123e-01 1.05707e+00
759 9.89908e-01 1.05577e+00
760 9.76309e-01 1.05488e+00
761 9.87099e-01 1.05553e+00
762 9.90393e-01 1.05485e+00
763 9.90367e-01 1.05444e+00
764 1.00666e+00 1.05495e+00
765 9.89600e-01 1.05600e+00
766 9.88310e-01 1.05574e+00
767 1.00404e+00 1.05586e+00
768 9.95261e-01 1.05545e+00
769 9.92227e-01 1.05602e+00
770 9.90816e-01 1.05699e+00
771 9.94594e-01 1.05741e+00
772 9.87397e-01 1.05714e+00
773 9.67895e-01 1.05781e+00
774 9.72668e-01 1.05686e+00
775 1.00261e+00 1.05731e+00
776 9.88065e-01 1.05811e+00
777 9.93354e-01 1.05773e+00
778 9.85004e-01 1.05673e+00
779 1.02622e+00 1.05704e+00
780 1.00645e+00 1.05581e+00
781 9.67757e-01 1.05569e+00
782 9.94838e-01 1.05636e+00
783 1.00187e+00 1.05476e+00
784 9.80317e-01 1.05458e+00
785 9.87021e-01 1.05644e+00
786 9.77753e-01 1.05537e+00
787 9.93747e-01 1.05589e+00
788 1.00045e+00 1.05592e+00
789 9.91436e-01 1.05640e+00
790 9.89643e-01 1.05679e+00
791 9.84344e-01 1.05668e+00
792 9.91526e-01 1.05587e+00
793 9.91940e-01 1.05607e+00
794 9.87102e-01 1.05591e+00
795 9.81368e-01 1.05608e+00
796 9.95577e-01 1.05674e+00
797 9.89722e-01 1.05757e+00
798 9.76084e-01 1.05790e+00
799 9.80872e-01 1.05938e+00
800 9.92222e-01 1.05903e+00
801 9.86819e-01 1.05784e+00
802 9.97092e-01 1.05670e+00
803 9.91158e-01 1.05435e+00
804 9.90580e-01 1.05657e+00
805 9.78916e-01 1.05839e+00
806 1.00070e+00 1.05598e+00
807 9.81211e-01 1.05751e+00
808 9.78446e-01 1.05610e+00
809 9.60514e-01 1.05771e+00
810 9.88184e-01 1.05799e+00
811 9.88293e-01 1.05556e+00
812 9.84061e-01 1.05691e+00
813 9.89426e-01 1.05560e+00
814 9.74061e-01 1.05634e+00
815 9.94288e-01 1.05855e+00
816 9.68760e-01 1.05840e+00
817 9.66246e-01 1.05932e+00
818 9.87946e-01 1.05931e+00
819 9.89964e-01 1.06000e+00
820 9.95273e-01 1.05869e+00
821 9.87501e-01 1.05960e+00
822 9.78593e-01 1.06011e+00
823 1.00037e+00 1.06000e+00
824 9.81224e-01 1.05951e+00
825 9.62194e-01 1.05881e+00
826 1.00886e+00 1.05928e+00
827 1.01472e+00 1.05929e+00
828 9.86651e-01 1.05860e+00
829 1.00254e+00 1.05783e+00
830 9.89492e-01 1.05717e+00
831 9.90237e-01 1.05689e+00
832 9.79700e-01 1.05682e+00
833 9.93152e-01 1.05750e+00
834 9.81025e-01 1.05604e+00
835 9.97544e-01 1.05548e+00
836 9.94781e-01 1.05671e+00
837 1.00072e+00 1.05746e+00
838 1.00678e+00 1.05630e+00
839 1.00135e+00 1.05629e+00
840 9.99561e-01 1.05604e+00
841 9.80869e-01 1.05698e+00
842 9.89840e-01 1.05770e+00
843 9.80073e-01 1.05829e+00
844 9.60851e-01 1.05771e+00
845 9.92129e-01 1.05830e+00
846 9.84307e-01 1.05772e+00
847 9.81293e-01 1.06017e+00
848 9.80074e-01 1.05902e+00
849 9.75067e-01 1.05727e+00
850 9.97225e-01 1.05888e+00
851 9.93128e-01 1.05739e+00
852 9.97714e-01 1.05763e+00
853 9.85426e-01 1.05661e+00
854 9.80676e-01 1.05525e+00
855 9.92019e-01 1.05573e+00
856 9.92073e-01 1.05530e+00
857 9.86471e-01 1.05624e+00
858 1.01120e+00 1.05584e+00
859 9.85089e-01 1.05633e+00
860 9.75414e-01 1.05803e+00
861 9.87377e-01 1.05601e+00
862 9.95144e-01 1.05645e+00
863 9.78000e-01 1.05635e+00
864 9.87875e-01 1.05556e+00
865 9.84125e-01 1.05603e+00
866 9.91428e-01 1.05829e+00
867 9.94100e-01 1.05631e+00
868 9.92643e-01 1.05528e+00
869 9.81097e-01 1.05636e+00
870 1.00836e+00 1.05539e+00
871 9.95657e-01 1.05548e+00
872 9.84097e-01 1.05566e+00
873 9.86771e-01 1.05509e+00
874 9.70104e-01 1.05652e+00
875 9.80649e-01 1.05706e+00
876 9.80983e-01 1.05889e+00
877 1.00261e+00 1.05964e+00
878 9.93466e-01 1.05825e+00
879 9.73488e-01 1.05781e+00
880 1.00229e+00 1.05932e+00
881 1.01276e+00 1.05785e+00
882 9.87080e-01 1.05751e+00
883 9.87850e-01 1.05704e+00
884 9.95448e-01 1.05727e+00
885 1.00113e+00 1.05584e+00
886 9.78438e-01 1.05666e+00
887 1.00719e+00 1.05565e+00
888 9.88896e-01 1.05797e+00
889 9.89395e-01 1.05493e+00
890 9.87776e-01 1.05455e+00
891 9.80017e-01 1.05499e+00
892 9.97421e-01 1.05563e+00
893 9.89011e-01 1.05479e+00
894 9.78401e-01 1.05542e+00
895 9.74326e-01 1.05578e+00
896 9.87119e-01 1.05788e+00
897 9.81248e-01 1.05788e+00
898 9.67462e-01 1.05851e+00
899 9.82297e-01 1.05786e+00
900 9.72610e-01 1.05974e+00
901 9.81538e-01 1.05945e+00
902 9.76667e-01 1.06005e+00
903 9.83503e-01 1.05977e+00
904 9.83931e-01 1.05939e+00
905 9.96599e-01 1.05925e+00
906 9.80594e-01 1.05927e+00
907 9.79224e-01 1.05919e+00
908 9.78633e-01 1.05955e+00
909 9.93867e-01 1.05861e+00
910 9.63227e-01 1.05759e+00
911 9.65321e-01 1.06031e+00
912 9.81178e-01 1.05706e+00
913 9.87920e-01 1.05683e+00
914 9.81777e-01 1.05845e+00
915 9.83692e-01 1.05954e+00
916 9.82207e-01 1.05946e+00
917 9.86823e-01 1.05818e+00
918 9.77818e-01 1.05663e+00
919 9.68847e-01 1.05958e+00
920 9.94813e-01 1.05855e+00
921 9.81729e-01 1.05703e+00
922 9.85552e-01 1.05592e+00
923 9.87191e-01 1.05606e+00
924 9.90636e-01 1.05849e+00
925 9.80238e-01 1.05635e+00
926 9.87954e-01 1.05718e+00
927 9.67955e-01 1.05566e+00
928 9.87074e-01 1.05689e+00
929 1.00288e+00 1.05507e+00
930 1.00885e+00 1.05321e+00
931 9.84529e-01 1.05341e+00
932 9.89812e-01 1.05333e+00
933 1.00005e+00 1.05284e+00
934 9.73601e-01 1.05306e+00
935 9.84742e-01 1.05410e+00
936 9.78469e-01 1.05546e+00
937 9.94562e-01 1.05466e+00
938 9.95453e-01 1.05673e+00
939 9.70900e-01 1.05560e+00
940 9.84574e-01 1.05401e+00
941 9.83127e-01 1.05233e+00
942 9.71768e-01 1.05311e+00
943 9.87152e-01 1.05278e+00
944 9.76582e-01 1.05428e+00
945 9.68166e-01 1.05613e+00
946 9.86183e-01 1.05677e+00
947 9.70254e-01 1.05524e+00
948 9.84957e-01 1.05530e+00
949 1.00532e+00 1.05718e+00
950 9.95880e-01 1.05700e+00
951 9.70623e-01 1.05788e+00
952 9.92618e-01 1.05647e+00
953 9.86794e-01 1.05468e+00
954 9.72033e-01 1.05538e+00
955 9.69567e-01 1.05537e+00
956 9.95236e-01 1.05713e+00
957 9.91967e-01 1.05622e+00
958 9.76539e-01 1.05571e+00
959 9.77140e-01 1.05573e+00
960 9.76940e-01 1.05511e+00
961 9.78001e-01 1.05255e+00
962 9.68478e-01 1.05227e+00
963 9.85466e-01 1.05230e+00
964 9.93582e-01 1.05298e+00
965 9.83654e-01 1.05335e+00
966 9.62848e-01 1.05342e+00
967 9.70803e-01 1.05410e+00
968 9.59452e-01 1.05408e+00
969 9.81903e-01 1.05593e+00
970 9.79544e-01 1.05611e+00
971 9.50434e-01 1.05252e+00
972 9.86701e-01 1.05129e+00
973 9.71031e-01 1.05119e+00
974 9.80438e-01 1.05307e+00
975 1.00179e+00 1.05305e+00
976 9.78682e-01 1.05675e+00
977 9.75065e-01 1.05560e+00
978 1.00181e+00 1.05337e+00
979 9.66495e-01 1.05514e+00
980 9.93086e-01 1.05427e+00
981 9.86790e-01 1.05304e+00
982 9.93145e-01 1.05225e+00
983 9.91676e-01 1.05052e+00
984 9.71430e-01 1.05178e+00
985 9.71024e-01 1.05406e+00
986 9.67852e-01 1.05605e+00
987 9.84747e-01 1.05515e+00
988 9.91683e-01 1.05641e+00
989 9.61794e-01 1.05465e+00
990 9.86978e-01 1.05498e+00
991 9.86437e-01 1.05443e+00
992 9.74030e-01 1.05415e+00
993 9.56677e-01 1.05576e+00
994 9.79514e-01 1.05611e+00
995 9.74035e-01 1.05511e+00
996 9.91962e-01 1.05456e+00
997 9.95117e-01 1.05399e+00
998 9.85548e-01 1.05427e+00
999 9.87172e-01 1.05447e+00
