training dataset: fesc_test
seed = 5
umFeatures = 7
Feature List: SFRs, Mstars, masses, redshifts, fgases, min_dist, t_lookback
fluxSize = 4
batch_size = 256
epochs     = 1000
0 epoch  1 train loss  2 test loss
0 2.21951e+00 1.26000e+00
1 1.74894e+00 1.21269e+00
2 1.48908e+00 1.20845e+00
3 1.42703e+00 1.19277e+00
4 1.37615e+00 1.18591e+00
5 1.31507e+00 1.17744e+00
6 1.30426e+00 1.17051e+00
7 1.27682e+00 1.16428e+00
8 1.24623e+00 1.15893e+00
9 1.27661e+00 1.15975e+00
10 1.25750e+00 1.16193e+00
11 1.23015e+00 1.16384e+00
12 1.20252e+00 1.15463e+00
13 1.21950e+00 1.15586e+00
14 1.20866e+00 1.15537e+00
15 1.20456e+00 1.14856e+00
16 1.17207e+00 1.14301e+00
17 1.21107e+00 1.15063e+00
18 1.18424e+00 1.15846e+00
19 1.17074e+00 1.14541e+00
20 1.16698e+00 1.14588e+00
21 1.18236e+00 1.14006e+00
22 1.16726e+00 1.14698e+00
23 1.16161e+00 1.14018e+00
24 1.17487e+00 1.14662e+00
25 1.15179e+00 1.13374e+00
26 1.16375e+00 1.13615e+00
27 1.14913e+00 1.13052e+00
28 1.15870e+00 1.14104e+00
29 1.13940e+00 1.12905e+00
30 1.14530e+00 1.13683e+00
31 1.15179e+00 1.12994e+00
32 1.13068e+00 1.12262e+00
33 1.12960e+00 1.12373e+00
34 1.14294e+00 1.12437e+00
35 1.15138e+00 1.12777e+00
36 1.12279e+00 1.11804e+00
37 1.11696e+00 1.11532e+00
38 1.13347e+00 1.11479e+00
39 1.11298e+00 1.10609e+00
40 1.11944e+00 1.10749e+00
41 1.12251e+00 1.11757e+00
42 1.13055e+00 1.10652e+00
43 1.12719e+00 1.11115e+00
44 1.12232e+00 1.11595e+00
45 1.11744e+00 1.10124e+00
46 1.10261e+00 1.10057e+00
47 1.12136e+00 1.09916e+00
48 1.11743e+00 1.10240e+00
49 1.12002e+00 1.11042e+00
50 1.10763e+00 1.09225e+00
51 1.12047e+00 1.09515e+00
52 1.11256e+00 1.09218e+00
53 1.12026e+00 1.09716e+00
54 1.10763e+00 1.11040e+00
55 1.10996e+00 1.09112e+00
56 1.11833e+00 1.10212e+00
57 1.10706e+00 1.09501e+00
58 1.11128e+00 1.09246e+00
59 1.11256e+00 1.10667e+00
60 1.10956e+00 1.09029e+00
61 1.12087e+00 1.09161e+00
62 1.10132e+00 1.08837e+00
63 1.11557e+00 1.10016e+00
64 1.11349e+00 1.09593e+00
65 1.09398e+00 1.09329e+00
66 1.11439e+00 1.08634e+00
67 1.11600e+00 1.08625e+00
68 1.09370e+00 1.08184e+00
69 1.08320e+00 1.09040e+00
70 1.10902e+00 1.08681e+00
71 1.09472e+00 1.08171e+00
72 1.11342e+00 1.08305e+00
73 1.10496e+00 1.08327e+00
74 1.09787e+00 1.07541e+00
75 1.09999e+00 1.07923e+00
76 1.08960e+00 1.07679e+00
77 1.08390e+00 1.07800e+00
78 1.10322e+00 1.07815e+00
79 1.08954e+00 1.07739e+00
80 1.09729e+00 1.08022e+00
81 1.10101e+00 1.08387e+00
82 1.09066e+00 1.07861e+00
83 1.07617e+00 1.06594e+00
84 1.08761e+00 1.06625e+00
85 1.09291e+00 1.07209e+00
86 1.09912e+00 1.06724e+00
87 1.10210e+00 1.07835e+00
88 1.08458e+00 1.06866e+00
89 1.10025e+00 1.06618e+00
90 1.09028e+00 1.07639e+00
91 1.10380e+00 1.07691e+00
92 1.08131e+00 1.06768e+00
93 1.08316e+00 1.06432e+00
94 1.08064e+00 1.06435e+00
95 1.09077e+00 1.07774e+00
96 1.07004e+00 1.06207e+00
97 1.08931e+00 1.07040e+00
98 1.08053e+00 1.06356e+00
99 1.08011e+00 1.06059e+00
100 1.08555e+00 1.07302e+00
101 1.08136e+00 1.06207e+00
102 1.07280e+00 1.06336e+00
103 1.06755e+00 1.06433e+00
104 1.06772e+00 1.05540e+00
105 1.07774e+00 1.05812e+00
106 1.06974e+00 1.05253e+00
107 1.07990e+00 1.06103e+00
108 1.07760e+00 1.05619e+00
109 1.08580e+00 1.05920e+00
110 1.09206e+00 1.05803e+00
111 1.08171e+00 1.05584e+00
112 1.07692e+00 1.05909e+00
113 1.08156e+00 1.05601e+00
114 1.07954e+00 1.06246e+00
115 1.07591e+00 1.05589e+00
116 1.06981e+00 1.05321e+00
117 1.07559e+00 1.05155e+00
118 1.08158e+00 1.05328e+00
119 1.07971e+00 1.05397e+00
120 1.07489e+00 1.05825e+00
121 1.06046e+00 1.05370e+00
122 1.06518e+00 1.05129e+00
123 1.06872e+00 1.04671e+00
124 1.07930e+00 1.05701e+00
125 1.06168e+00 1.05265e+00
126 1.06919e+00 1.05336e+00
127 1.06956e+00 1.05252e+00
128 1.07772e+00 1.05898e+00
129 1.05706e+00 1.04665e+00
130 1.07834e+00 1.04947e+00
131 1.06332e+00 1.04836e+00
132 1.07523e+00 1.04941e+00
133 1.07432e+00 1.04348e+00
134 1.07536e+00 1.04866e+00
135 1.06809e+00 1.05411e+00
136 1.06303e+00 1.04659e+00
137 1.06119e+00 1.04518e+00
138 1.07664e+00 1.04692e+00
139 1.06159e+00 1.04992e+00
140 1.06168e+00 1.04797e+00
141 1.06610e+00 1.04557e+00
142 1.06971e+00 1.04621e+00
143 1.06713e+00 1.04377e+00
144 1.06960e+00 1.04981e+00
145 1.05651e+00 1.04583e+00
146 1.05927e+00 1.04105e+00
147 1.05775e+00 1.04329e+00
148 1.07167e+00 1.04145e+00
149 1.06961e+00 1.04918e+00
150 1.06953e+00 1.04332e+00
151 1.05436e+00 1.04216e+00
152 1.05788e+00 1.04092e+00
153 1.06162e+00 1.03557e+00
154 1.06740e+00 1.03513e+00
155 1.06334e+00 1.04245e+00
156 1.06767e+00 1.04174e+00
157 1.06384e+00 1.04232e+00
158 1.04573e+00 1.03785e+00
159 1.04426e+00 1.04214e+00
160 1.06888e+00 1.03417e+00
161 1.05860e+00 1.03817e+00
162 1.05776e+00 1.03734e+00
163 1.06210e+00 1.05522e+00
164 1.06525e+00 1.03275e+00
165 1.04663e+00 1.03498e+00
166 1.05547e+00 1.03865e+00
167 1.05426e+00 1.03582e+00
168 1.06048e+00 1.03806e+00
169 1.04551e+00 1.03181e+00
170 1.05056e+00 1.03958e+00
171 1.03478e+00 1.03505e+00
172 1.05620e+00 1.02705e+00
173 1.04860e+00 1.03829e+00
174 1.04923e+00 1.03585e+00
175 1.04453e+00 1.02835e+00
176 1.05481e+00 1.02877e+00
177 1.05073e+00 1.03182e+00
178 1.04429e+00 1.03822e+00
179 1.05869e+00 1.02719e+00
180 1.04550e+00 1.03040e+00
181 1.04804e+00 1.02795e+00
182 1.04199e+00 1.02924e+00
183 1.04329e+00 1.02942e+00
184 1.04849e+00 1.02694e+00
185 1.04604e+00 1.02730e+00
186 1.04337e+00 1.02680e+00
187 1.04928e+00 1.02426e+00
188 1.05217e+00 1.02627e+00
189 1.05996e+00 1.03048e+00
190 1.04545e+00 1.02759e+00
191 1.05043e+00 1.03262e+00
192 1.05275e+00 1.02524e+00
193 1.05917e+00 1.03026e+00
194 1.04140e+00 1.02497e+00
195 1.06422e+00 1.02399e+00
196 1.04973e+00 1.02645e+00
197 1.04728e+00 1.02608e+00
198 1.05004e+00 1.02206e+00
199 1.04561e+00 1.02716e+00
200 1.05652e+00 1.02774e+00
201 1.04214e+00 1.02115e+00
202 1.04964e+00 1.02118e+00
203 1.04060e+00 1.02391e+00
204 1.05383e+00 1.02938e+00
205 1.05203e+00 1.02680e+00
206 1.03031e+00 1.02433e+00
207 1.04746e+00 1.02416e+00
208 1.02910e+00 1.01928e+00
209 1.04444e+00 1.02092e+00
210 1.05017e+00 1.02502e+00
211 1.05001e+00 1.02176e+00
212 1.03932e+00 1.02238e+00
213 1.04268e+00 1.02627e+00
214 1.03728e+00 1.02244e+00
215 1.04133e+00 1.02246e+00
216 1.04440e+00 1.02316e+00
217 1.03982e+00 1.01991e+00
218 1.04652e+00 1.02525e+00
219 1.04774e+00 1.02120e+00
220 1.03804e+00 1.02298e+00
221 1.03935e+00 1.01902e+00
222 1.03908e+00 1.03029e+00
223 1.04695e+00 1.01697e+00
224 1.04612e+00 1.02183e+00
225 1.03788e+00 1.01912e+00
226 1.03993e+00 1.01573e+00
227 1.03329e+00 1.01854e+00
228 1.04418e+00 1.01872e+00
229 1.03169e+00 1.01576e+00
230 1.03561e+00 1.01868e+00
231 1.04341e+00 1.01660e+00
232 1.02245e+00 1.02018e+00
233 1.03713e+00 1.01534e+00
234 1.04740e+00 1.01768e+00
235 1.03758e+00 1.01388e+00
236 1.04058e+00 1.01359e+00
237 1.03449e+00 1.01880e+00
238 1.03277e+00 1.01519e+00
239 1.04152e+00 1.01572e+00
240 1.03708e+00 1.01913e+00
241 1.04038e+00 1.01729e+00
242 1.03915e+00 1.02081e+00
243 1.03555e+00 1.02176e+00
244 1.04690e+00 1.01746e+00
245 1.02870e+00 1.01565e+00
246 1.03343e+00 1.01588e+00
247 1.02005e+00 1.01669e+00
248 1.02882e+00 1.00844e+00
249 1.02603e+00 1.00789e+00
250 1.03327e+00 1.01745e+00
251 1.04426e+00 1.01111e+00
252 1.04365e+00 1.01918e+00
253 1.02572e+00 1.01400e+00
254 1.03523e+00 1.01162e+00
255 1.02676e+00 1.02031e+00
256 1.02612e+00 1.01298e+00
257 1.02908e+00 1.01140e+00
258 1.01888e+00 1.00997e+00
259 1.03174e+00 1.00842e+00
260 1.02851e+00 1.01700e+00
261 1.02420e+00 1.01378e+00
262 1.03682e+00 1.00985e+00
263 1.02653e+00 1.01018e+00
264 1.02459e+00 1.01172e+00
265 1.02472e+00 1.00961e+00
266 1.02402e+00 1.01033e+00
267 1.03090e+00 1.00898e+00
268 1.03538e+00 1.01117e+00
269 1.03376e+00 1.00989e+00
270 1.02314e+00 1.01165e+00
271 1.03327e+00 1.00823e+00
272 1.03599e+00 1.00935e+00
273 1.03211e+00 1.01634e+00
274 1.02452e+00 1.01331e+00
275 1.02689e+00 1.01007e+00
276 1.02550e+00 1.00729e+00
277 1.00781e+00 1.00419e+00
278 1.02556e+00 1.00370e+00
279 1.03192e+00 1.00882e+00
280 1.03272e+00 1.01218e+00
281 1.01740e+00 1.00929e+00
282 1.03832e+00 1.00728e+00
283 1.01320e+00 1.00666e+00
284 1.01633e+00 1.01161e+00
285 1.02020e+00 1.00595e+00
286 1.03242e+00 1.00807e+00
287 1.02910e+00 1.00358e+00
288 1.02839e+00 1.00440e+00
289 1.01963e+00 1.00093e+00
290 1.01482e+00 1.00257e+00
291 1.00883e+00 1.00754e+00
292 1.02756e+00 1.00866e+00
293 1.02004e+00 1.01113e+00
294 1.03060e+00 1.00585e+00
295 1.02506e+00 1.00912e+00
296 1.01172e+00 1.00488e+00
297 1.01857e+00 1.00622e+00
298 1.01428e+00 1.01023e+00
299 1.02650e+00 1.00671e+00
300 1.02063e+00 1.00689e+00
301 1.02651e+00 1.00503e+00
302 1.01638e+00 1.00272e+00
303 1.02943e+00 1.00897e+00
304 1.01856e+00 1.00575e+00
305 1.01794e+00 1.00188e+00
306 1.02092e+00 1.00391e+00
307 1.01911e+00 1.00322e+00
308 1.02176e+00 1.00241e+00
309 1.02515e+00 1.00125e+00
310 1.01750e+00 1.00411e+00
311 1.02364e+00 1.00201e+00
312 1.02782e+00 1.00192e+00
313 1.02361e+00 9.99516e-01
314 9.98291e-01 9.98813e-01
315 1.01971e+00 1.00038e+00
316 1.01459e+00 1.00121e+00
317 1.02071e+00 1.00082e+00
318 1.00945e+00 9.97763e-01
319 1.00986e+00 1.00192e+00
320 1.00472e+00 1.00028e+00
321 1.02282e+00 9.99857e-01
322 1.01638e+00 1.00107e+00
323 1.01889e+00 1.00129e+00
324 1.01169e+00 1.00194e+00
325 1.01925e+00 1.00224e+00
326 1.01170e+00 1.00156e+00
327 1.00825e+00 9.99980e-01
328 1.01116e+00 9.97051e-01
329 1.02287e+00 1.00024e+00
330 1.01924e+00 1.00434e+00
331 1.00143e+00 1.00458e+00
332 1.00928e+00 1.00020e+00
333 1.01612e+00 1.00403e+00
334 1.00581e+00 1.00402e+00
335 1.00132e+00 9.97448e-01
336 1.01695e+00 1.00168e+00
337 1.01451e+00 9.96943e-01
338 1.01937e+00 1.00041e+00
339 1.00956e+00 1.00285e+00
340 1.01368e+00 9.95709e-01
341 1.00496e+00 1.00019e+00
342 1.00367e+00 1.00240e+00
343 9.97727e-01 9.95258e-01
344 1.00962e+00 9.99179e-01
345 1.00082e+00 9.99945e-01
346 1.01740e+00 9.96954e-01
347 1.00591e+00 9.95956e-01
348 1.00733e+00 9.94335e-01
349 1.02085e+00 9.95190e-01
350 1.01399e+00 9.96919e-01
351 1.01289e+00 9.95658e-01
352 1.00950e+00 9.98090e-01
353 1.02445e+00 9.96094e-01
354 1.01314e+00 9.95126e-01
355 1.01395e+00 9.97481e-01
356 1.00963e+00 9.95036e-01
357 1.00916e+00 9.95329e-01
358 1.02293e+00 9.99695e-01
359 1.00613e+00 9.97573e-01
360 1.00573e+00 9.97126e-01
361 1.01400e+00 9.97020e-01
362 1.01287e+00 9.95738e-01
363 1.01193e+00 9.96901e-01
364 1.00790e+00 9.92105e-01
365 9.96391e-01 9.94905e-01
366 1.00930e+00 9.96346e-01
367 1.01153e+00 1.00004e+00
368 1.00608e+00 9.95330e-01
369 1.00625e+00 9.91056e-01
370 1.01326e+00 9.91307e-01
371 1.01388e+00 9.93459e-01
372 1.01196e+00 9.96363e-01
373 9.97556e-01 9.94034e-01
374 1.00168e+00 9.95011e-01
375 1.00428e+00 9.94925e-01
376 1.01166e+00 9.92885e-01
377 1.00232e+00 9.94839e-01
378 1.00803e+00 9.95563e-01
379 1.00288e+00 9.91585e-01
380 1.01000e+00 9.91169e-01
381 1.00900e+00 9.96385e-01
382 1.01488e+00 9.96202e-01
383 1.02140e+00 9.93674e-01
384 1.00815e+00 9.94534e-01
385 1.00071e+00 9.94716e-01
386 1.00231e+00 9.92311e-01
387 9.92874e-01 9.92779e-01
388 1.01116e+00 9.93094e-01
389 1.00246e+00 9.96888e-01
390 1.00474e+00 9.94784e-01
391 9.94507e-01 9.93294e-01
392 1.00339e+00 9.91719e-01
393 9.96976e-01 9.96726e-01
394 1.00456e+00 9.94838e-01
395 1.00834e+00 9.93169e-01
396 1.00505e+00 9.90902e-01
397 9.96654e-01 9.93648e-01
398 1.00612e+00 9.94236e-01
399 1.00464e+00 9.87919e-01
400 9.96571e-01 9.92314e-01
401 1.01049e+00 9.97262e-01
402 9.95793e-01 9.92727e-01
403 1.00012e+00 9.91251e-01
404 9.94111e-01 9.92996e-01
405 1.01114e+00 9.90390e-01
406 1.00012e+00 9.89708e-01
407 1.01731e+00 9.92399e-01
408 9.96413e-01 9.88202e-01
409 1.00813e+00 9.95092e-01
410 9.94249e-01 9.93148e-01
411 9.92927e-01 9.95745e-01
412 9.98899e-01 9.97264e-01
413 1.00525e+00 9.98238e-01
414 1.00215e+00 9.90595e-01
415 1.00585e+00 9.90152e-01
416 9.99660e-01 9.88646e-01
417 1.01302e+00 9.88704e-01
418 9.94149e-01 9.90000e-01
419 9.89083e-01 9.89704e-01
420 1.00081e+00 9.93224e-01
421 1.01153e+00 9.89373e-01
422 1.01804e+00 9.87869e-01
423 9.97044e-01 9.89431e-01
424 1.00175e+00 9.88853e-01
425 1.00496e+00 9.90416e-01
426 9.94661e-01 9.92732e-01
427 9.91689e-01 9.90331e-01
428 9.94450e-01 9.94158e-01
429 1.00950e+00 9.90321e-01
430 1.00197e+00 9.89206e-01
431 9.88636e-01 9.91549e-01
432 9.88491e-01 9.88349e-01
433 9.95391e-01 9.91293e-01
434 9.79121e-01 9.88831e-01
435 1.00643e+00 9.87905e-01
436 9.99524e-01 9.87784e-01
437 9.90128e-01 9.88663e-01
438 9.98998e-01 9.86601e-01
439 9.89178e-01 9.82410e-01
440 9.97870e-01 9.83569e-01
441 9.99054e-01 9.84760e-01
442 9.97412e-01 9.84678e-01
443 1.01437e+00 9.92636e-01
444 9.85662e-01 9.91827e-01
445 9.91750e-01 9.86438e-01
446 9.91996e-01 9.89324e-01
447 1.00526e+00 9.86399e-01
448 9.87459e-01 9.87492e-01
449 1.00730e+00 9.85457e-01
450 9.88269e-01 9.85214e-01
451 9.88712e-01 9.87437e-01
452 9.94982e-01 9.86736e-01
453 9.93175e-01 9.88013e-01
454 1.00177e+00 9.86743e-01
455 9.90763e-01 9.88420e-01
456 1.00324e+00 9.88459e-01
457 1.00773e+00 9.85421e-01
458 9.96075e-01 9.90358e-01
459 9.82157e-01 9.86794e-01
460 1.00410e+00 9.84167e-01
461 9.97468e-01 9.84238e-01
462 9.83570e-01 9.87180e-01
463 9.91936e-01 9.87297e-01
464 9.90912e-01 9.89835e-01
465 9.97639e-01 9.86445e-01
466 9.83429e-01 9.87178e-01
467 9.98611e-01 9.83860e-01
468 1.00092e+00 9.88574e-01
469 9.98437e-01 9.88689e-01
470 9.92035e-01 9.90632e-01
471 9.91982e-01 9.85496e-01
472 1.00693e+00 9.87337e-01
473 9.85763e-01 9.86913e-01
474 9.94719e-01 9.86071e-01
475 9.99530e-01 9.87663e-01
476 9.97453e-01 9.86880e-01
477 9.97578e-01 9.83547e-01
478 9.88976e-01 9.85237e-01
479 9.94234e-01 9.83690e-01
480 1.00003e+00 9.82965e-01
481 9.83061e-01 9.87363e-01
482 9.89073e-01 9.85655e-01
483 9.91854e-01 9.86706e-01
484 9.89746e-01 9.83780e-01
485 9.90384e-01 9.85274e-01
486 9.98106e-01 9.87405e-01
487 9.95222e-01 9.85772e-01
488 9.90190e-01 9.83484e-01
489 9.84007e-01 9.86458e-01
490 9.92553e-01 9.85329e-01
491 9.89833e-01 9.84269e-01
492 9.83585e-01 9.84574e-01
493 9.83129e-01 9.85176e-01
494 9.87272e-01 9.82497e-01
495 9.80583e-01 9.83236e-01
496 9.85412e-01 9.82280e-01
497 9.94187e-01 9.80038e-01
498 9.94639e-01 9.83319e-01
499 9.89305e-01 9.83324e-01
500 9.93355e-01 9.82006e-01
501 9.92981e-01 9.82260e-01
502 9.80395e-01 9.85467e-01
503 9.96176e-01 9.78149e-01
504 1.00324e+00 9.81554e-01
505 9.83652e-01 9.85074e-01
506 9.84083e-01 9.81564e-01
507 9.95393e-01 9.87233e-01
508 9.92177e-01 9.79055e-01
509 9.86454e-01 9.81342e-01
510 9.80519e-01 9.82674e-01
511 9.90736e-01 9.82262e-01
512 9.86456e-01 9.84600e-01
513 9.89676e-01 9.81737e-01
514 9.92557e-01 9.82908e-01
515 9.91665e-01 9.81510e-01
516 9.78112e-01 9.83748e-01
517 9.90118e-01 9.86138e-01
518 9.83613e-01 9.82413e-01
519 9.86276e-01 9.83975e-01
520 9.81106e-01 9.81745e-01
521 1.00411e+00 9.82771e-01
522 9.90465e-01 9.82011e-01
523 9.89591e-01 9.83037e-01
524 9.84069e-01 9.80959e-01
525 9.78950e-01 9.81323e-01
526 9.85029e-01 9.81026e-01
527 9.81961e-01 9.80999e-01
528 9.81305e-01 9.78110e-01
529 9.84730e-01 9.77686e-01
530 9.90819e-01 9.79877e-01
531 9.95788e-01 9.81514e-01
532 9.87768e-01 9.78487e-01
533 9.81010e-01 9.80086e-01
534 9.90754e-01 9.85081e-01
535 9.94568e-01 9.84811e-01
536 9.85676e-01 9.80703e-01
537 9.81501e-01 9.88898e-01
538 9.86364e-01 9.83699e-01
539 9.77484e-01 9.84125e-01
540 9.84211e-01 9.87205e-01
541 9.89777e-01 9.83415e-01
542 9.89572e-01 9.78059e-01
543 9.92668e-01 9.87832e-01
544 9.84490e-01 9.82841e-01
545 9.70545e-01 9.80403e-01
546 9.89056e-01 9.83895e-01
547 9.78216e-01 9.80991e-01
548 9.79664e-01 9.82455e-01
549 9.86599e-01 9.82551e-01
550 9.93536e-01 9.80684e-01
551 9.93918e-01 9.78393e-01
552 9.83756e-01 9.81579e-01
553 9.91981e-01 9.79621e-01
554 9.80232e-01 9.77462e-01
555 9.79706e-01 9.77619e-01
556 9.86943e-01 9.79565e-01
557 9.71589e-01 9.79968e-01
558 9.97402e-01 9.79486e-01
559 9.94432e-01 9.80001e-01
560 9.85115e-01 9.78110e-01
561 9.80744e-01 9.78765e-01
562 9.75746e-01 9.77099e-01
563 9.87128e-01 9.76901e-01
564 9.91994e-01 9.75062e-01
565 9.85401e-01 9.76402e-01
566 9.84892e-01 9.75750e-01
567 9.92390e-01 9.73475e-01
568 9.80013e-01 9.75685e-01
569 9.80156e-01 9.78840e-01
570 9.86170e-01 9.73235e-01
571 9.98157e-01 9.75152e-01
572 9.87552e-01 9.82087e-01
573 9.81037e-01 9.79801e-01
574 9.74985e-01 9.79662e-01
575 9.77032e-01 9.79902e-01
576 9.79593e-01 9.79754e-01
577 9.77810e-01 9.79716e-01
578 9.85240e-01 9.74429e-01
579 1.00322e+00 9.72901e-01
580 9.75797e-01 9.71856e-01
581 9.79905e-01 9.74351e-01
582 9.83293e-01 9.76240e-01
583 9.78048e-01 9.77977e-01
584 9.82483e-01 9.78592e-01
585 9.84669e-01 9.77627e-01
586 9.92748e-01 9.71491e-01
587 9.89138e-01 9.73714e-01
588 9.74840e-01 9.80225e-01
589 9.72692e-01 9.76508e-01
590 9.73409e-01 9.76867e-01
591 9.78933e-01 9.72293e-01
592 9.80350e-01 9.76565e-01
593 9.77740e-01 9.73662e-01
594 9.80389e-01 9.78983e-01
595 9.71920e-01 9.74205e-01
596 9.86450e-01 9.76318e-01
597 9.76662e-01 9.77544e-01
598 9.81093e-01 9.73836e-01
599 9.72805e-01 9.76512e-01
600 9.72792e-01 9.74946e-01
601 9.75999e-01 9.75605e-01
602 9.82782e-01 9.78877e-01
603 9.93041e-01 9.81234e-01
604 9.78406e-01 9.77662e-01
605 9.90743e-01 9.80897e-01
606 9.75437e-01 9.80722e-01
607 9.81883e-01 9.75020e-01
608 9.65533e-01 9.75796e-01
609 9.77980e-01 9.79552e-01
610 9.85218e-01 9.76513e-01
611 9.74478e-01 9.75143e-01
612 9.74485e-01 9.80166e-01
613 9.76714e-01 9.81623e-01
614 9.74737e-01 9.79576e-01
615 9.81944e-01 9.78052e-01
616 9.68213e-01 9.74603e-01
617 9.80184e-01 9.80205e-01
618 9.85223e-01 9.81079e-01
619 9.75677e-01 9.77351e-01
620 9.68959e-01 9.75369e-01
621 9.76313e-01 9.74168e-01
622 9.87679e-01 9.74389e-01
623 9.79370e-01 9.83430e-01
624 9.84723e-01 9.75501e-01
625 9.78287e-01 9.73458e-01
626 9.88072e-01 9.74384e-01
627 9.77896e-01 9.78319e-01
628 9.74939e-01 9.77745e-01
629 9.81280e-01 9.72362e-01
630 9.84784e-01 9.69314e-01
631 9.76779e-01 9.74087e-01
632 9.85464e-01 9.73677e-01
633 9.73215e-01 9.78532e-01
634 9.74074e-01 9.77514e-01
635 9.77710e-01 9.76176e-01
636 9.97291e-01 9.72427e-01
637 9.68191e-01 9.76086e-01
638 9.68594e-01 9.75253e-01
639 9.86001e-01 9.72494e-01
640 9.80934e-01 9.73092e-01
641 9.87194e-01 9.73048e-01
642 9.60732e-01 9.76404e-01
643 9.76779e-01 9.75953e-01
644 9.81507e-01 9.76301e-01
645 9.96153e-01 9.73602e-01
646 9.70495e-01 9.77372e-01
647 9.84089e-01 9.74547e-01
648 9.80978e-01 9.74829e-01
649 9.78109e-01 9.78078e-01
650 9.75830e-01 9.76049e-01
651 9.84791e-01 9.71785e-01
652 9.87297e-01 9.69167e-01
653 9.70422e-01 9.75352e-01
654 9.82253e-01 9.78512e-01
655 9.72409e-01 9.70773e-01
656 9.69651e-01 9.71652e-01
657 9.55283e-01 9.68572e-01
658 9.76539e-01 9.77414e-01
659 9.75856e-01 9.80629e-01
660 9.86770e-01 9.76448e-01
661 9.84718e-01 9.72731e-01
662 9.87067e-01 9.75063e-01
663 9.77866e-01 9.75978e-01
664 9.74503e-01 9.75085e-01
665 9.81157e-01 9.75501e-01
666 9.85703e-01 9.73173e-01
667 9.79893e-01 9.74933e-01
668 9.79573e-01 9.75129e-01
669 9.63285e-01 9.73148e-01
670 9.82928e-01 9.74624e-01
671 9.70585e-01 9.71208e-01
672 9.79374e-01 9.80463e-01
673 9.92003e-01 9.73375e-01
674 9.77409e-01 9.69080e-01
675 9.70651e-01 9.70617e-01
676 9.71850e-01 9.71783e-01
677 9.76374e-01 9.68761e-01
678 9.89093e-01 9.71789e-01
679 9.63309e-01 9.70883e-01
680 9.68696e-01 9.73949e-01
681 9.79628e-01 9.73379e-01
682 9.86417e-01 9.77546e-01
683 9.96917e-01 9.74745e-01
684 9.82951e-01 9.70912e-01
685 9.76697e-01 9.73321e-01
686 9.61458e-01 9.73442e-01
687 9.78777e-01 9.72969e-01
688 9.69873e-01 9.70878e-01
689 9.71801e-01 9.75918e-01
690 9.75597e-01 9.71276e-01
691 9.71855e-01 9.76381e-01
692 9.81477e-01 9.69330e-01
693 9.74068e-01 9.71048e-01
694 9.74333e-01 9.74288e-01
695 9.74283e-01 9.73649e-01
696 9.62386e-01 9.78809e-01
697 9.81955e-01 9.73678e-01
698 9.76204e-01 9.71085e-01
699 9.71994e-01 9.71476e-01
700 9.76913e-01 9.70684e-01
701 9.69966e-01 9.70337e-01
702 9.71557e-01 9.70049e-01
703 9.64454e-01 9.73750e-01
704 9.79478e-01 9.69534e-01
705 9.69513e-01 9.73423e-01
706 9.67289e-01 9.66833e-01
707 9.62812e-01 9.74599e-01
708 9.69225e-01 9.69889e-01
709 9.79365e-01 9.69239e-01
710 9.66455e-01 9.68560e-01
711 9.67992e-01 9.66638e-01
712 9.73055e-01 9.68283e-01
713 9.83489e-01 9.71146e-01
714 9.69193e-01 9.73636e-01
715 9.76251e-01 9.71788e-01
716 9.80391e-01 9.70515e-01
717 9.78355e-01 9.76774e-01
718 9.84406e-01 9.76691e-01
719 9.76246e-01 9.70841e-01
720 9.81374e-01 9.73242e-01
721 9.84201e-01 9.71984e-01
722 9.72927e-01 9.72651e-01
723 9.78255e-01 9.72516e-01
724 9.66579e-01 9.73472e-01
725 9.81391e-01 9.69498e-01
726 9.56445e-01 9.73322e-01
727 9.72616e-01 9.71048e-01
728 9.74882e-01 9.71873e-01
729 9.59377e-01 9.68583e-01
730 9.69562e-01 9.78954e-01
731 9.67256e-01 9.72012e-01
732 9.58863e-01 9.74503e-01
733 9.66789e-01 9.69384e-01
734 9.74851e-01 9.69960e-01
735 9.70667e-01 9.70417e-01
736 9.67573e-01 9.67940e-01
737 9.82888e-01 9.71214e-01
738 9.71763e-01 9.67769e-01
739 9.75291e-01 9.71289e-01
740 9.64065e-01 9.68335e-01
741 9.79046e-01 9.68410e-01
742 9.66057e-01 9.69535e-01
743 9.69395e-01 9.71576e-01
744 9.78845e-01 9.72273e-01
745 9.62932e-01 9.70692e-01
746 9.71421e-01 9.71038e-01
747 9.76062e-01 9.73589e-01
748 9.74782e-01 9.70604e-01
749 9.75150e-01 9.68663e-01
750 9.51720e-01 9.67287e-01
751 9.65616e-01 9.71639e-01
752 9.61194e-01 9.70359e-01
753 9.64691e-01 9.67121e-01
754 9.65616e-01 9.69972e-01
755 9.60779e-01 9.69444e-01
756 9.79564e-01 9.70308e-01
757 9.81567e-01 9.67462e-01
758 9.60362e-01 9.73314e-01
759 9.63613e-01 9.79207e-01
760 9.72706e-01 9.68363e-01
761 9.74552e-01 9.70184e-01
762 9.78508e-01 9.66549e-01
763 9.70465e-01 9.70143e-01
764 9.63679e-01 9.70006e-01
765 9.63334e-01 9.67147e-01
766 9.69888e-01 9.71259e-01
767 9.87279e-01 9.66108e-01
768 9.70796e-01 9.70174e-01
769 9.61394e-01 9.64276e-01
770 9.64905e-01 9.68814e-01
771 9.65573e-01 9.66807e-01
772 9.75490e-01 9.71503e-01
773 9.62388e-01 9.71281e-01
774 9.64651e-01 9.70023e-01
775 9.78675e-01 9.68362e-01
776 9.59754e-01 9.75335e-01
777 9.71531e-01 9.72447e-01
778 9.56808e-01 9.72369e-01
779 9.62295e-01 9.67377e-01
780 9.67395e-01 9.73061e-01
781 9.78933e-01 9.73694e-01
782 9.70679e-01 9.74331e-01
783 9.68350e-01 9.71143e-01
784 9.58820e-01 9.71310e-01
785 9.62314e-01 9.74115e-01
786 9.65642e-01 9.69522e-01
787 9.70652e-01 9.70046e-01
788 9.76616e-01 9.67180e-01
789 9.57588e-01 9.66715e-01
790 9.61539e-01 9.62104e-01
791 9.58490e-01 9.67036e-01
792 9.73303e-01 9.67027e-01
793 9.70273e-01 9.67200e-01
794 9.68669e-01 9.67837e-01
795 9.66523e-01 9.69613e-01
796 9.65895e-01 9.70584e-01
797 9.60081e-01 9.66135e-01
798 9.62289e-01 9.69261e-01
799 9.74889e-01 9.68299e-01
800 9.73177e-01 9.67884e-01
801 9.86316e-01 9.64698e-01
802 9.76783e-01 9.66446e-01
803 9.70244e-01 9.65180e-01
804 9.65074e-01 9.65976e-01
805 9.65790e-01 9.67022e-01
806 9.65400e-01 9.67014e-01
807 9.47134e-01 9.68121e-01
808 9.75443e-01 9.65575e-01
809 9.77252e-01 9.67390e-01
810 9.71349e-01 9.65595e-01
811 9.57463e-01 9.70736e-01
812 9.67576e-01 9.70570e-01
813 9.58735e-01 9.68571e-01
814 9.60394e-01 9.64412e-01
815 9.75350e-01 9.68407e-01
816 9.58603e-01 9.68596e-01
817 9.69706e-01 9.69548e-01
818 9.75875e-01 9.68432e-01
819 9.44626e-01 9.71228e-01
820 9.62832e-01 9.70168e-01
821 9.77832e-01 9.70969e-01
822 9.63928e-01 9.71149e-01
823 9.62913e-01 9.68682e-01
824 9.65636e-01 9.64731e-01
825 9.67720e-01 9.69184e-01
826 9.66271e-01 9.67599e-01
827 9.61579e-01 9.69433e-01
828 9.68958e-01 9.69181e-01
829 9.83696e-01 9.67332e-01
830 9.72232e-01 9.66866e-01
831 9.63820e-01 9.72492e-01
832 9.86340e-01 9.65724e-01
833 9.76760e-01 9.84297e-01
834 9.69135e-01 9.71186e-01
835 9.59486e-01 9.67746e-01
836 9.71250e-01 9.72627e-01
837 9.66365e-01 9.70158e-01
838 9.74216e-01 9.72263e-01
839 9.47778e-01 9.68713e-01
840 9.67380e-01 9.68177e-01
841 9.62347e-01 9.70977e-01
842 9.54326e-01 9.72077e-01
843 9.61775e-01 9.70014e-01
844 9.72074e-01 9.70224e-01
845 9.57947e-01 9.61748e-01
846 9.76610e-01 9.63539e-01
847 9.67671e-01 9.62445e-01
848 9.60126e-01 9.67101e-01
849 9.59268e-01 9.67752e-01
850 9.67561e-01 9.67976e-01
851 9.70037e-01 9.72232e-01
852 9.55624e-01 9.65049e-01
853 9.72527e-01 9.66724e-01
854 9.63929e-01 9.68485e-01
855 9.69930e-01 9.64629e-01
856 9.69685e-01 9.68151e-01
857 9.65412e-01 9.72324e-01
858 9.61052e-01 9.64362e-01
859 9.69747e-01 9.68682e-01
860 9.65872e-01 9.64153e-01
861 9.52276e-01 9.64831e-01
862 9.63010e-01 9.66212e-01
863 9.68696e-01 9.66335e-01
864 9.60684e-01 9.65149e-01
865 9.61498e-01 9.66323e-01
866 9.69558e-01 9.74980e-01
867 9.70642e-01 9.68856e-01
868 9.63529e-01 9.68272e-01
869 9.55099e-01 9.68160e-01
870 9.74947e-01 9.69308e-01
871 9.51794e-01 9.68434e-01
872 9.66718e-01 9.68499e-01
873 9.67053e-01 9.64893e-01
874 9.68310e-01 9.66665e-01
875 9.62293e-01 9.69482e-01
876 9.55167e-01 9.69388e-01
877 9.57854e-01 9.68976e-01
878 9.72229e-01 9.67568e-01
879 9.46040e-01 9.67136e-01
880 9.50975e-01 9.70456e-01
881 9.56563e-01 9.65704e-01
882 9.58503e-01 9.65609e-01
883 9.63483e-01 9.67897e-01
884 9.79522e-01 9.63269e-01
885 9.65774e-01 9.64081e-01
886 9.61053e-01 9.63457e-01
887 9.60648e-01 9.66678e-01
888 9.68105e-01 9.64636e-01
889 9.61747e-01 9.67321e-01
890 9.48683e-01 9.68795e-01
891 9.45729e-01 9.64752e-01
892 9.65358e-01 9.66676e-01
893 9.55922e-01 9.63985e-01
894 9.62994e-01 9.61382e-01
895 9.63885e-01 9.62726e-01
896 9.44362e-01 9.63614e-01
897 9.65062e-01 9.66128e-01
898 9.53820e-01 9.67396e-01
899 9.62017e-01 9.67852e-01
900 9.62279e-01 9.63445e-01
901 9.65916e-01 9.63938e-01
902 9.75324e-01 9.67503e-01
903 9.61485e-01 9.66878e-01
904 9.50553e-01 9.66133e-01
905 9.72735e-01 9.64950e-01
906 9.56180e-01 9.67804e-01
907 9.49520e-01 9.59572e-01
908 9.81551e-01 9.67244e-01
909 9.61923e-01 9.68732e-01
910 9.61549e-01 9.60389e-01
911 9.61117e-01 9.65803e-01
912 9.58155e-01 9.68170e-01
913 9.69383e-01 9.63096e-01
914 9.55919e-01 9.67554e-01
915 9.54842e-01 9.63481e-01
916 9.60502e-01 9.65873e-01
917 9.41885e-01 9.66246e-01
918 9.74472e-01 9.68003e-01
919 9.43953e-01 9.67498e-01
920 9.45468e-01 9.70557e-01
921 9.44981e-01 9.66608e-01
922 9.69896e-01 9.67885e-01
923 9.49982e-01 9.68058e-01
924 9.58915e-01 9.70276e-01
925 9.60014e-01 9.62636e-01
926 9.65908e-01 9.63062e-01
927 9.58301e-01 9.65346e-01
928 9.65026e-01 9.66801e-01
929 9.73054e-01 9.65202e-01
930 9.70603e-01 9.66459e-01
931 9.61333e-01 9.65570e-01
932 9.61601e-01 9.67268e-01
933 9.59333e-01 9.64878e-01
934 9.70824e-01 9.65023e-01
935 9.58991e-01 9.67440e-01
936 9.65706e-01 9.65101e-01
937 9.66914e-01 9.67603e-01
938 9.60275e-01 9.64370e-01
939 9.52497e-01 9.71773e-01
940 9.77850e-01 9.63564e-01
941 9.68192e-01 9.64889e-01
942 9.54265e-01 9.61756e-01
943 9.60685e-01 9.72127e-01
944 9.63905e-01 9.66988e-01
945 9.57201e-01 9.64125e-01
946 9.64489e-01 9.62444e-01
947 9.50753e-01 9.63190e-01
948 9.53806e-01 9.60055e-01
949 9.68379e-01 9.59326e-01
950 9.61958e-01 9.62076e-01
951 9.49964e-01 9.69338e-01
952 9.64915e-01 9.63967e-01
953 9.69669e-01 9.65791e-01
954 9.63204e-01 9.66329e-01
955 9.58133e-01 9.62082e-01
956 9.48445e-01 9.62786e-01
957 9.54917e-01 9.64891e-01
958 9.60505e-01 9.65157e-01
959 9.67838e-01 9.59759e-01
960 9.62457e-01 9.61576e-01
961 9.63137e-01 9.62532e-01
962 9.65280e-01 9.62069e-01
963 9.69083e-01 9.68246e-01
964 9.69424e-01 9.57754e-01
965 9.69089e-01 9.65793e-01
966 9.61746e-01 9.70536e-01
967 9.64356e-01 9.69570e-01
968 9.45757e-01 9.61708e-01
969 9.41543e-01 9.58124e-01
970 9.64218e-01 9.64654e-01
971 9.63971e-01 9.61036e-01
972 9.71805e-01 9.64175e-01
973 9.60678e-01 9.68866e-01
974 9.60607e-01 9.67639e-01
975 9.58757e-01 9.68813e-01
976 9.48154e-01 9.61974e-01
977 9.53314e-01 9.60052e-01
978 9.55872e-01 9.64372e-01
979 9.42936e-01 9.71262e-01
980 9.53459e-01 9.64838e-01
981 9.64019e-01 9.69444e-01
982 9.56446e-01 9.63847e-01
983 9.65204e-01 9.66401e-01
984 9.63072e-01 9.62546e-01
985 9.54512e-01 9.76143e-01
986 9.57906e-01 9.64681e-01
987 9.44930e-01 9.63880e-01
988 9.58245e-01 9.62382e-01
989 9.67978e-01 9.58548e-01
990 9.48233e-01 9.66683e-01
991 9.65727e-01 9.60639e-01
992 9.59715e-01 9.60550e-01
993 9.65370e-01 9.61144e-01
994 9.73773e-01 9.66579e-01
995 9.62423e-01 9.63703e-01
996 9.69089e-01 9.69275e-01
997 9.49488e-01 9.64067e-01
998 9.43778e-01 9.72998e-01
999 9.68934e-01 9.61670e-01
