training dataset: fesc_test
seed = 5
umFeatures = 7
Feature List: SFRs, Mstars, masses, redshifts, fgases, min_dist, t_lookback
fluxSize = 4
batch_size = 256
epochs     = 1000
0 epoch  1 train loss  2 test loss
0 1.38280e+00 1.28325e+00
1 1.33812e+00 1.25168e+00
2 1.29449e+00 1.20088e+00
3 1.27948e+00 1.20139e+00
4 1.24089e+00 1.17048e+00
5 1.26733e+00 1.16285e+00
6 1.24182e+00 1.15925e+00
7 1.23870e+00 1.14183e+00
8 1.19758e+00 1.15086e+00
9 1.21366e+00 1.15538e+00
10 1.18454e+00 1.12742e+00
11 1.18707e+00 1.12688e+00
12 1.20636e+00 1.12847e+00
13 1.18023e+00 1.12008e+00
14 1.20182e+00 1.11705e+00
15 1.18478e+00 1.14540e+00
16 1.17523e+00 1.11279e+00
17 1.18873e+00 1.14163e+00
18 1.17264e+00 1.10776e+00
19 1.15974e+00 1.13066e+00
20 1.16785e+00 1.10681e+00
21 1.15858e+00 1.09220e+00
22 1.14779e+00 1.09013e+00
23 1.16008e+00 1.08905e+00
24 1.14650e+00 1.10201e+00
25 1.16000e+00 1.08265e+00
26 1.13079e+00 1.10391e+00
27 1.13806e+00 1.07455e+00
28 1.14607e+00 1.07940e+00
29 1.14569e+00 1.07066e+00
30 1.15223e+00 1.08317e+00
31 1.15212e+00 1.07459e+00
32 1.13138e+00 1.07799e+00
33 1.15029e+00 1.07724e+00
34 1.12338e+00 1.06536e+00
35 1.13014e+00 1.06565e+00
36 1.12029e+00 1.05460e+00
37 1.11903e+00 1.06887e+00
38 1.12869e+00 1.06596e+00
39 1.11066e+00 1.05143e+00
40 1.10603e+00 1.05314e+00
41 1.12617e+00 1.05702e+00
42 1.11805e+00 1.05949e+00
43 1.12715e+00 1.05580e+00
44 1.11187e+00 1.07472e+00
45 1.12966e+00 1.05617e+00
46 1.11766e+00 1.05710e+00
47 1.11135e+00 1.04839e+00
48 1.11182e+00 1.05506e+00
49 1.11808e+00 1.05620e+00
50 1.11178e+00 1.04328e+00
51 1.12089e+00 1.04637e+00
52 1.12482e+00 1.05575e+00
53 1.10576e+00 1.04962e+00
54 1.08551e+00 1.03125e+00
55 1.09296e+00 1.03111e+00
56 1.11493e+00 1.05045e+00
57 1.11707e+00 1.04617e+00
58 1.09874e+00 1.04840e+00
59 1.10109e+00 1.03414e+00
60 1.10824e+00 1.08060e+00
61 1.12457e+00 1.04193e+00
62 1.09586e+00 1.03469e+00
63 1.09464e+00 1.03499e+00
64 1.09634e+00 1.04916e+00
65 1.09382e+00 1.03551e+00
66 1.08901e+00 1.03759e+00
67 1.09289e+00 1.03098e+00
68 1.08559e+00 1.02715e+00
69 1.08527e+00 1.03676e+00
70 1.10326e+00 1.03573e+00
71 1.07717e+00 1.04585e+00
72 1.09713e+00 1.03112e+00
73 1.07365e+00 1.03375e+00
74 1.10179e+00 1.02713e+00
75 1.09361e+00 1.04425e+00
76 1.07711e+00 1.02639e+00
77 1.07932e+00 1.02634e+00
78 1.08104e+00 1.03322e+00
79 1.08145e+00 1.01866e+00
80 1.07217e+00 1.02272e+00
81 1.07973e+00 1.03284e+00
82 1.08094e+00 1.04082e+00
83 1.06623e+00 1.01332e+00
84 1.08218e+00 1.03770e+00
85 1.08011e+00 1.01264e+00
86 1.09220e+00 1.01864e+00
87 1.07288e+00 1.04410e+00
88 1.07977e+00 1.02115e+00
89 1.06229e+00 1.01458e+00
90 1.08515e+00 1.03148e+00
91 1.08357e+00 1.01825e+00
92 1.08558e+00 1.02587e+00
93 1.08228e+00 1.01997e+00
94 1.08248e+00 1.02630e+00
95 1.06779e+00 1.01288e+00
96 1.08045e+00 1.02500e+00
97 1.07692e+00 1.02141e+00
98 1.06876e+00 1.02426e+00
99 1.06655e+00 1.01721e+00
100 1.07510e+00 1.01124e+00
101 1.08778e+00 1.02480e+00
102 1.05390e+00 1.02162e+00
103 1.07383e+00 1.00918e+00
104 1.05637e+00 1.00520e+00
105 1.06903e+00 1.02589e+00
106 1.06390e+00 1.01356e+00
107 1.08117e+00 1.01098e+00
108 1.06333e+00 1.00620e+00
109 1.06548e+00 1.00449e+00
110 1.05331e+00 1.01191e+00
111 1.05599e+00 1.01227e+00
112 1.04597e+00 1.00641e+00
113 1.06446e+00 1.01016e+00
114 1.06803e+00 1.00379e+00
115 1.06986e+00 1.00536e+00
116 1.07318e+00 1.00342e+00
117 1.05935e+00 1.00114e+00
118 1.05618e+00 9.99056e-01
119 1.05371e+00 1.00427e+00
120 1.06602e+00 1.00755e+00
121 1.05719e+00 1.00196e+00
122 1.04848e+00 1.02188e+00
123 1.07128e+00 1.02255e+00
124 1.07141e+00 1.00731e+00
125 1.05535e+00 1.00428e+00
126 1.04227e+00 1.00312e+00
127 1.05371e+00 1.00003e+00
128 1.06138e+00 9.90814e-01
129 1.05203e+00 9.95848e-01
130 1.05345e+00 9.95413e-01
131 1.06633e+00 1.00585e+00
132 1.04940e+00 1.01267e+00
133 1.04706e+00 1.00351e+00
134 1.05055e+00 9.91974e-01
135 1.04464e+00 1.00021e+00
136 1.06512e+00 1.00014e+00
137 1.05661e+00 9.94549e-01
138 1.05257e+00 9.99856e-01
139 1.04160e+00 9.93217e-01
140 1.04759e+00 9.97001e-01
141 1.05345e+00 9.92914e-01
142 1.05668e+00 9.99218e-01
143 1.04617e+00 9.88870e-01
144 1.03534e+00 9.90527e-01
145 1.04250e+00 9.99377e-01
146 1.04311e+00 9.89446e-01
147 1.04621e+00 1.00385e+00
148 1.04126e+00 9.94470e-01
149 1.04890e+00 9.94891e-01
150 1.05991e+00 9.88860e-01
151 1.03645e+00 9.98763e-01
152 1.04776e+00 9.99990e-01
153 1.05007e+00 9.88272e-01
154 1.03364e+00 9.83847e-01
155 1.04944e+00 9.93226e-01
156 1.03346e+00 9.84843e-01
157 1.04354e+00 9.84932e-01
158 1.03762e+00 9.85060e-01
159 1.04403e+00 9.84165e-01
160 1.03473e+00 9.82138e-01
161 1.05326e+00 9.85226e-01
162 1.02213e+00 9.77196e-01
163 1.03908e+00 9.78628e-01
164 1.04871e+00 9.96184e-01
165 1.03572e+00 9.83341e-01
166 1.04993e+00 9.87135e-01
167 1.05499e+00 9.84930e-01
168 1.03650e+00 9.87713e-01
169 1.04057e+00 9.82907e-01
170 1.03614e+00 9.86665e-01
171 1.03083e+00 9.92106e-01
172 1.03514e+00 9.86545e-01
173 1.03301e+00 9.93719e-01
174 1.05544e+00 9.86289e-01
175 1.02214e+00 9.81233e-01
176 1.03988e+00 9.83268e-01
177 1.03621e+00 9.81569e-01
178 1.02715e+00 9.74288e-01
179 1.02250e+00 9.75277e-01
180 1.04172e+00 9.82998e-01
181 1.02245e+00 9.79641e-01
182 1.04394e+00 9.92340e-01
183 1.04022e+00 9.77233e-01
184 1.02964e+00 9.80950e-01
185 1.02547e+00 9.75514e-01
186 1.04588e+00 9.73919e-01
187 1.03029e+00 9.79555e-01
188 1.06498e+00 9.89950e-01
189 1.02878e+00 9.73122e-01
190 1.03646e+00 9.77044e-01
191 1.01914e+00 9.77141e-01
192 1.04003e+00 9.74042e-01
193 1.03158e+00 9.73962e-01
194 1.05163e+00 9.93284e-01
195 1.04247e+00 9.81703e-01
196 1.04121e+00 9.80015e-01
197 1.02938e+00 9.75381e-01
198 1.02811e+00 9.75561e-01
199 1.03997e+00 9.79858e-01
200 1.04402e+00 9.90347e-01
201 1.02558e+00 9.77186e-01
202 1.02297e+00 9.78406e-01
203 1.03161e+00 9.76428e-01
204 1.02174e+00 9.82168e-01
205 1.02339e+00 9.80872e-01
206 1.02640e+00 9.71479e-01
207 1.03172e+00 9.75129e-01
208 1.03190e+00 9.75437e-01
209 1.02940e+00 9.80438e-01
210 1.03281e+00 9.78671e-01
211 1.04055e+00 9.89192e-01
212 1.04038e+00 9.79267e-01
213 1.04914e+00 9.82446e-01
214 1.02364e+00 9.74717e-01
215 1.02630e+00 9.72471e-01
216 1.01490e+00 9.63416e-01
217 1.03872e+00 9.76311e-01
218 1.03636e+00 9.74401e-01
219 1.03223e+00 9.79659e-01
220 1.02130e+00 9.69093e-01
221 1.02561e+00 9.76549e-01
222 1.04179e+00 9.89019e-01
223 1.03858e+00 9.78788e-01
224 1.02387e+00 9.74709e-01
225 1.01973e+00 9.72867e-01
226 1.04036e+00 9.79750e-01
227 1.03034e+00 9.71902e-01
228 1.03020e+00 9.75545e-01
229 1.02687e+00 9.71106e-01
230 1.01900e+00 9.72608e-01
231 1.00724e+00 9.66340e-01
232 1.00846e+00 9.63677e-01
233 1.01005e+00 9.68123e-01
234 1.01393e+00 9.77131e-01
235 1.01276e+00 9.67179e-01
236 1.03180e+00 9.76039e-01
237 1.02826e+00 9.79760e-01
238 1.02289e+00 9.79980e-01
239 1.04404e+00 9.76846e-01
240 1.02853e+00 9.65269e-01
241 1.01927e+00 9.70057e-01
242 1.01427e+00 9.73676e-01
243 1.02360e+00 9.74905e-01
244 1.02807e+00 9.69128e-01
245 1.02649e+00 9.65157e-01
246 1.03012e+00 9.69363e-01
247 1.01941e+00 9.65889e-01
248 1.02741e+00 9.69626e-01
249 1.03683e+00 9.66638e-01
250 1.02457e+00 9.75520e-01
251 1.02981e+00 9.65754e-01
252 1.02389e+00 9.66043e-01
253 1.01855e+00 9.64515e-01
254 1.03030e+00 9.69894e-01
255 1.01679e+00 9.71412e-01
256 1.00644e+00 9.67111e-01
257 9.97103e-01 9.61210e-01
258 1.02083e+00 9.65473e-01
259 1.04162e+00 9.70910e-01
260 1.03673e+00 9.71113e-01
261 1.02163e+00 9.68734e-01
262 1.03310e+00 9.72914e-01
263 1.01969e+00 9.70565e-01
264 1.02809e+00 9.75263e-01
265 1.00872e+00 9.65219e-01
266 1.01121e+00 9.67529e-01
267 1.05169e+00 9.71583e-01
268 1.01466e+00 9.72825e-01
269 1.00288e+00 9.63819e-01
270 9.98500e-01 9.59843e-01
271 1.04420e+00 9.67674e-01
272 1.00957e+00 9.62327e-01
273 1.00911e+00 9.62019e-01
274 1.00700e+00 9.60771e-01
275 1.00625e+00 9.63583e-01
276 1.01332e+00 9.61015e-01
277 1.00784e+00 9.58070e-01
278 1.01892e+00 9.70516e-01
279 1.02595e+00 9.72032e-01
280 1.02500e+00 9.64173e-01
281 1.00566e+00 9.66305e-01
282 1.02063e+00 9.65774e-01
283 1.01888e+00 9.69652e-01
284 1.00391e+00 9.68690e-01
285 1.02820e+00 9.63743e-01
286 1.02091e+00 9.59920e-01
287 1.02198e+00 9.63328e-01
288 9.93673e-01 9.54859e-01
289 1.02323e+00 9.58980e-01
290 1.01629e+00 9.62290e-01
291 1.00545e+00 9.65951e-01
292 1.01439e+00 9.72886e-01
293 1.02205e+00 9.62444e-01
294 1.01533e+00 9.62451e-01
295 1.00550e+00 9.56156e-01
296 1.01098e+00 9.63030e-01
297 1.01251e+00 9.60859e-01
298 1.01596e+00 9.64527e-01
299 1.00201e+00 9.56943e-01
300 1.01481e+00 9.51903e-01
301 1.01309e+00 9.57615e-01
302 1.02740e+00 9.74123e-01
303 1.02958e+00 9.64179e-01
304 1.01903e+00 9.60724e-01
305 1.00945e+00 9.63861e-01
306 1.01162e+00 9.55063e-01
307 1.01411e+00 9.68023e-01
308 1.01019e+00 9.53102e-01
309 1.02378e+00 9.48895e-01
310 1.00186e+00 9.58083e-01
311 1.01786e+00 9.66980e-01
312 9.96552e-01 9.66719e-01
313 1.00409e+00 9.62806e-01
314 1.01334e+00 9.56378e-01
315 9.87871e-01 9.53980e-01
316 1.00190e+00 9.57972e-01
317 9.97120e-01 9.51346e-01
318 9.95579e-01 9.57147e-01
319 1.01970e+00 9.64466e-01
320 1.01578e+00 9.74975e-01
321 1.01292e+00 9.54443e-01
322 1.02767e+00 9.67280e-01
323 1.01584e+00 9.64595e-01
324 1.02443e+00 9.62507e-01
325 1.02584e+00 9.67867e-01
326 1.01790e+00 9.56225e-01
327 1.00580e+00 9.54395e-01
328 1.01908e+00 9.55304e-01
329 1.00962e+00 9.60933e-01
330 1.00962e+00 9.54016e-01
331 9.94932e-01 9.54646e-01
332 9.95711e-01 9.60807e-01
333 1.01784e+00 9.57954e-01
334 1.00101e+00 9.52970e-01
335 1.00982e+00 9.59979e-01
336 1.01370e+00 9.61781e-01
337 1.01011e+00 9.50498e-01
338 1.01682e+00 9.59861e-01
339 1.00374e+00 9.59056e-01
340 1.00927e+00 9.51639e-01
341 9.98924e-01 9.67600e-01
342 1.01099e+00 9.60994e-01
343 1.00579e+00 9.49426e-01
344 1.00111e+00 9.50207e-01
345 9.92443e-01 9.66843e-01
346 1.01095e+00 9.60103e-01
347 1.02006e+00 9.60962e-01
348 9.98923e-01 9.57751e-01
349 1.01168e+00 9.56175e-01
350 9.98256e-01 9.54037e-01
351 1.00379e+00 9.57743e-01
352 1.01431e+00 9.56269e-01
353 1.01163e+00 9.68549e-01
354 9.98649e-01 9.55371e-01
355 1.00671e+00 9.59591e-01
356 1.01536e+00 9.55533e-01
357 1.00579e+00 9.63191e-01
358 1.01740e+00 9.60333e-01
359 9.97384e-01 9.49522e-01
360 1.00549e+00 9.51105e-01
361 1.00135e+00 9.52563e-01
362 1.00151e+00 9.51327e-01
363 1.00748e+00 9.72009e-01
364 1.02185e+00 9.58363e-01
365 9.96283e-01 9.47854e-01
366 1.00499e+00 9.55094e-01
367 9.96828e-01 9.46212e-01
368 1.00264e+00 9.44460e-01
369 9.94000e-01 9.45478e-01
370 1.01585e+00 9.50690e-01
371 1.00041e+00 9.43559e-01
372 1.00425e+00 9.57981e-01
373 1.02380e+00 9.57752e-01
374 1.00632e+00 9.51267e-01
375 1.00183e+00 9.51721e-01
376 1.00235e+00 9.50444e-01
377 1.00915e+00 9.44541e-01
378 9.93445e-01 9.42578e-01
379 1.00512e+00 9.50006e-01
380 1.00724e+00 9.53123e-01
381 1.00992e+00 9.51646e-01
382 1.00921e+00 9.50668e-01
383 1.00472e+00 9.55075e-01
384 1.00279e+00 9.41911e-01
385 1.00875e+00 9.50727e-01
386 1.01842e+00 9.49683e-01
387 9.94270e-01 9.47412e-01
388 1.01155e+00 9.62947e-01
389 9.92728e-01 9.51897e-01
390 1.01678e+00 9.59983e-01
391 9.94937e-01 9.45361e-01
392 1.00487e+00 9.49001e-01
393 9.92029e-01 9.42922e-01
394 1.02673e+00 9.50577e-01
395 9.95969e-01 9.55943e-01
396 1.01049e+00 9.49582e-01
397 9.87603e-01 9.52490e-01
398 1.00402e+00 9.42547e-01
399 9.88320e-01 9.43934e-01
400 1.00083e+00 9.40686e-01
401 9.95328e-01 9.49570e-01
402 9.91421e-01 9.49607e-01
403 1.01611e+00 9.45402e-01
404 9.87670e-01 9.45856e-01
405 1.00716e+00 9.57876e-01
406 9.96485e-01 9.43694e-01
407 9.84948e-01 9.44974e-01
408 1.00115e+00 9.46463e-01
409 9.85122e-01 9.48294e-01
410 1.01133e+00 9.47234e-01
411 9.97718e-01 9.51319e-01
412 9.97653e-01 9.49287e-01
413 1.01310e+00 9.49456e-01
414 1.00195e+00 9.48261e-01
415 1.01731e+00 9.45009e-01
416 9.94013e-01 9.49188e-01
417 1.00292e+00 9.42733e-01
418 9.99862e-01 9.54584e-01
419 1.00909e+00 9.60827e-01
420 9.93880e-01 9.43035e-01
421 9.84274e-01 9.53901e-01
422 9.99234e-01 9.52058e-01
423 9.91717e-01 9.51974e-01
424 1.01561e+00 9.62842e-01
425 1.01241e+00 9.46483e-01
426 9.86423e-01 9.50227e-01
427 1.00575e+00 9.40934e-01
428 9.98958e-01 9.43875e-01
429 9.87706e-01 9.56402e-01
430 9.95748e-01 9.52073e-01
431 1.00581e+00 9.44128e-01
432 1.00373e+00 9.54885e-01
433 9.83080e-01 9.43716e-01
434 9.89041e-01 9.44528e-01
435 9.85860e-01 9.38052e-01
436 9.85995e-01 9.45827e-01
437 9.87207e-01 9.57273e-01
438 1.00565e+00 9.41236e-01
439 9.85276e-01 9.33068e-01
440 9.87838e-01 9.34692e-01
441 9.91757e-01 9.35702e-01
442 1.01368e+00 9.48428e-01
443 9.91946e-01 9.47825e-01
444 9.97592e-01 9.50902e-01
445 9.96202e-01 9.38401e-01
446 9.79364e-01 9.45024e-01
447 1.00137e+00 9.40962e-01
448 9.86722e-01 9.41050e-01
449 1.01572e+00 9.48303e-01
450 9.87553e-01 9.43137e-01
451 1.00476e+00 9.44127e-01
452 9.78725e-01 9.39710e-01
453 9.72730e-01 9.46029e-01
454 1.01659e+00 9.43543e-01
455 1.00710e+00 9.40742e-01
456 9.76800e-01 9.42543e-01
457 9.85548e-01 9.51635e-01
458 9.93461e-01 9.42434e-01
459 9.88168e-01 9.47130e-01
460 9.89015e-01 9.42265e-01
461 9.93751e-01 9.51277e-01
462 1.00304e+00 9.36498e-01
463 9.87349e-01 9.40015e-01
464 9.99013e-01 9.47018e-01
465 9.94883e-01 9.54093e-01
466 1.01315e+00 9.46394e-01
467 9.87316e-01 9.47116e-01
468 9.90935e-01 9.37296e-01
469 9.89450e-01 9.35549e-01
470 9.94785e-01 9.42591e-01
471 9.86711e-01 9.44518e-01
472 1.00546e+00 9.38007e-01
473 9.96520e-01 9.37006e-01
474 9.84248e-01 9.40169e-01
475 9.79736e-01 9.32896e-01
476 9.74292e-01 9.35311e-01
477 9.88813e-01 9.35621e-01
478 1.00014e+00 9.33366e-01
479 9.80378e-01 9.37014e-01
480 9.92319e-01 9.41889e-01
481 9.92092e-01 9.43690e-01
482 1.00063e+00 9.59555e-01
483 9.99379e-01 9.34581e-01
484 9.82267e-01 9.35218e-01
485 9.60475e-01 9.40384e-01
486 9.96967e-01 9.47476e-01
487 9.83371e-01 9.39261e-01
488 9.79024e-01 9.44191e-01
489 9.79384e-01 9.42550e-01
490 9.67869e-01 9.35645e-01
491 9.87155e-01 9.49443e-01
492 9.93358e-01 9.58971e-01
493 9.90149e-01 9.38200e-01
494 1.00167e+00 9.40200e-01
495 9.94169e-01 9.38409e-01
496 9.85881e-01 9.58823e-01
497 9.86475e-01 9.40597e-01
498 9.77890e-01 9.47910e-01
499 9.93572e-01 9.32785e-01
500 9.84410e-01 9.40501e-01
501 9.78947e-01 9.36051e-01
502 9.97229e-01 9.40536e-01
503 9.94436e-01 9.32371e-01
504 9.83450e-01 9.46498e-01
505 9.96533e-01 9.33915e-01
506 9.74212e-01 9.32778e-01
507 9.89530e-01 9.33925e-01
508 9.91241e-01 9.38978e-01
509 9.88615e-01 9.35985e-01
510 9.89084e-01 9.40987e-01
511 9.68383e-01 9.36234e-01
512 9.71717e-01 9.29961e-01
513 9.89325e-01 9.32651e-01
514 9.82125e-01 9.37029e-01
515 9.96688e-01 9.40698e-01
516 9.92681e-01 9.33837e-01
517 9.69588e-01 9.31344e-01
518 9.87422e-01 9.39689e-01
519 9.77526e-01 9.36479e-01
520 9.91626e-01 9.42480e-01
521 9.74934e-01 9.38903e-01
522 9.94103e-01 9.36799e-01
523 9.85685e-01 9.38211e-01
524 9.72139e-01 9.34169e-01
525 9.69244e-01 9.44289e-01
526 9.85040e-01 9.43968e-01
527 9.82343e-01 9.38244e-01
528 1.01752e+00 9.37553e-01
529 9.81635e-01 9.42764e-01
530 9.86896e-01 9.34257e-01
531 9.76333e-01 9.29857e-01
532 9.91292e-01 9.32399e-01
533 9.62586e-01 9.32705e-01
534 9.94902e-01 9.43014e-01
535 9.92117e-01 9.35906e-01
536 9.73393e-01 9.37602e-01
537 9.97109e-01 9.39225e-01
538 9.71619e-01 9.36022e-01
539 9.86073e-01 9.37671e-01
540 9.59946e-01 9.44030e-01
541 9.75458e-01 9.35053e-01
542 9.59927e-01 9.33548e-01
543 9.85617e-01 9.35559e-01
544 9.82895e-01 9.36441e-01
545 9.77162e-01 9.41150e-01
546 9.67781e-01 9.38450e-01
547 9.90205e-01 9.42443e-01
548 9.70221e-01 9.46884e-01
549 9.80153e-01 9.35804e-01
550 9.83088e-01 9.39552e-01
551 9.77340e-01 9.28963e-01
552 9.83060e-01 9.36978e-01
553 9.83035e-01 9.32579e-01
554 9.62026e-01 9.31521e-01
555 9.65883e-01 9.34734e-01
556 9.81028e-01 9.36515e-01
557 9.78694e-01 9.42004e-01
558 9.94884e-01 9.33034e-01
559 9.76647e-01 9.32894e-01
560 9.67955e-01 9.41980e-01
561 9.80555e-01 9.37233e-01
562 9.79335e-01 9.37706e-01
563 9.79729e-01 9.34147e-01
564 9.62630e-01 9.37780e-01
565 9.64664e-01 9.48757e-01
566 9.63814e-01 9.41484e-01
567 9.86580e-01 9.35629e-01
568 9.68164e-01 9.38473e-01
569 9.75105e-01 9.35559e-01
570 9.71442e-01 9.41800e-01
571 9.84069e-01 9.34956e-01
572 9.91167e-01 9.50354e-01
573 9.67061e-01 9.28865e-01
574 9.77609e-01 9.38338e-01
575 9.80821e-01 9.37988e-01
576 9.86076e-01 9.31631e-01
577 9.81150e-01 9.41307e-01
578 9.72909e-01 9.34380e-01
579 9.73713e-01 9.45186e-01
580 9.86623e-01 9.38634e-01
581 9.94091e-01 9.37422e-01
582 9.68512e-01 9.37539e-01
583 9.85612e-01 9.36058e-01
584 9.88101e-01 9.27434e-01
585 9.77537e-01 9.44944e-01
586 9.84041e-01 9.32221e-01
587 9.62875e-01 9.35861e-01
588 9.68539e-01 9.23343e-01
589 1.00479e+00 9.36183e-01
590 9.89258e-01 9.51591e-01
591 9.82802e-01 9.29604e-01
592 9.71518e-01 9.39437e-01
593 9.79582e-01 9.27194e-01
594 9.71726e-01 9.39393e-01
595 9.70020e-01 9.22829e-01
596 9.64895e-01 9.26575e-01
597 9.71664e-01 9.27117e-01
598 9.70029e-01 9.39846e-01
599 9.67022e-01 9.23077e-01
600 9.58475e-01 9.24480e-01
601 9.74550e-01 9.26222e-01
602 9.77300e-01 9.24993e-01
603 9.63024e-01 9.27289e-01
604 9.59912e-01 9.14536e-01
605 9.66320e-01 9.41777e-01
606 9.81202e-01 9.42802e-01
607 9.63060e-01 9.31807e-01
608 9.60108e-01 9.24715e-01
609 9.64685e-01 9.32874e-01
610 9.73179e-01 9.31815e-01
611 9.52810e-01 9.25886e-01
612 9.71731e-01 9.34734e-01
613 9.79842e-01 9.23007e-01
614 9.63975e-01 9.28170e-01
615 9.62627e-01 9.26661e-01
616 9.55832e-01 9.21585e-01
617 9.70423e-01 9.22086e-01
618 9.83843e-01 9.41864e-01
619 9.94351e-01 9.23502e-01
620 9.61398e-01 9.23457e-01
621 9.61393e-01 9.23592e-01
622 9.70470e-01 9.28382e-01
623 9.85418e-01 9.29176e-01
624 9.75564e-01 9.23863e-01
625 9.79817e-01 9.29292e-01
626 9.70784e-01 9.40143e-01
627 9.60400e-01 9.22127e-01
628 9.65106e-01 9.13812e-01
629 9.66426e-01 9.21644e-01
630 9.86084e-01 9.24118e-01
631 9.84747e-01 9.32675e-01
632 9.69695e-01 9.26364e-01
633 9.72505e-01 9.28741e-01
634 9.79670e-01 9.49994e-01
635 9.64918e-01 9.27132e-01
636 9.58933e-01 9.22865e-01
637 9.60727e-01 9.48944e-01
638 9.67980e-01 9.28124e-01
639 9.85192e-01 9.22227e-01
640 9.79034e-01 9.32651e-01
641 9.73473e-01 9.26336e-01
642 9.87749e-01 9.24667e-01
643 9.58114e-01 9.24957e-01
644 9.90469e-01 9.32217e-01
645 9.38789e-01 9.23802e-01
646 9.76704e-01 9.20520e-01
647 9.55826e-01 9.21078e-01
648 1.00100e+00 9.24445e-01
649 9.82861e-01 9.22422e-01
650 9.62971e-01 9.21564e-01
651 9.66886e-01 9.21966e-01
652 9.78809e-01 9.36211e-01
653 9.57672e-01 9.32620e-01
654 9.71951e-01 9.27717e-01
655 9.93390e-01 9.56577e-01
656 9.88136e-01 9.34832e-01
657 9.48919e-01 9.38036e-01
658 9.74736e-01 9.24002e-01
659 9.70249e-01 9.24849e-01
660 9.54136e-01 9.26455e-01
661 9.56863e-01 9.21137e-01
662 9.70789e-01 9.20032e-01
663 9.65746e-01 9.19317e-01
664 9.43647e-01 9.20266e-01
665 9.83161e-01 9.23692e-01
666 9.47138e-01 9.12773e-01
667 9.56390e-01 9.24698e-01
668 9.57881e-01 9.43965e-01
669 9.49986e-01 9.21008e-01
670 9.82172e-01 9.26098e-01
671 9.65565e-01 9.31918e-01
672 9.50065e-01 9.31562e-01
673 9.81884e-01 9.37913e-01
674 9.73941e-01 9.19879e-01
675 9.54245e-01 9.31432e-01
676 9.66654e-01 9.29559e-01
677 9.74969e-01 9.14747e-01
678 9.50698e-01 9.14621e-01
679 9.69168e-01 9.24472e-01
680 9.68641e-01 9.27449e-01
681 9.69746e-01 9.18780e-01
682 9.63668e-01 9.17014e-01
683 9.60344e-01 9.34393e-01
684 9.74760e-01 9.24050e-01
685 9.64494e-01 9.19315e-01
686 9.73460e-01 9.34515e-01
687 9.50398e-01 9.19334e-01
688 9.58022e-01 9.24291e-01
689 9.47814e-01 9.20478e-01
690 9.41872e-01 9.31044e-01
691 9.75971e-01 9.23932e-01
692 9.58968e-01 9.37966e-01
693 9.72065e-01 9.29613e-01
694 9.61858e-01 9.29509e-01
695 9.84046e-01 9.21208e-01
696 9.71408e-01 9.17493e-01
697 9.59449e-01 9.28127e-01
698 9.59616e-01 9.23866e-01
699 9.58169e-01 9.27222e-01
700 9.46070e-01 9.26949e-01
701 9.70868e-01 9.30962e-01
702 9.66321e-01 9.27618e-01
703 9.68373e-01 9.22070e-01
704 9.41127e-01 9.10614e-01
705 9.77674e-01 9.23658e-01
706 9.66514e-01 9.16481e-01
707 9.60307e-01 9.13593e-01
708 9.56354e-01 9.17902e-01
709 9.55312e-01 9.28041e-01
710 9.67728e-01 9.24895e-01
711 9.67910e-01 9.26908e-01
712 9.59658e-01 9.27020e-01
713 9.68340e-01 9.27329e-01
714 9.59633e-01 9.18942e-01
715 9.55742e-01 9.28199e-01
716 9.53100e-01 9.13757e-01
717 9.55070e-01 9.14217e-01
718 9.60047e-01 9.12363e-01
719 9.63226e-01 9.33785e-01
720 9.63344e-01 9.08948e-01
721 9.39537e-01 9.09739e-01
722 9.47976e-01 9.21331e-01
723 9.64021e-01 9.04120e-01
724 9.71632e-01 9.13530e-01
725 9.55859e-01 9.41634e-01
726 9.71205e-01 9.22753e-01
727 9.64607e-01 9.12063e-01
728 9.59565e-01 9.27873e-01
729 9.75322e-01 9.22517e-01
730 9.57269e-01 9.12468e-01
731 9.58091e-01 9.15492e-01
732 9.37621e-01 9.10280e-01
733 9.42465e-01 9.13557e-01
734 9.76160e-01 9.16390e-01
735 9.63613e-01 9.11821e-01
736 9.53598e-01 9.11949e-01
737 9.57117e-01 9.24621e-01
738 9.81282e-01 9.09296e-01
739 9.65148e-01 9.22192e-01
740 9.61946e-01 9.12751e-01
741 9.40917e-01 9.13009e-01
742 9.57322e-01 9.13581e-01
743 9.69768e-01 9.17447e-01
744 9.52541e-01 9.28468e-01
745 9.50212e-01 9.21875e-01
746 9.43928e-01 9.23316e-01
747 9.69212e-01 9.02600e-01
748 9.44170e-01 9.22634e-01
749 9.67162e-01 9.13605e-01
750 9.79483e-01 9.12801e-01
751 9.49292e-01 9.25455e-01
752 9.64756e-01 9.27271e-01
753 9.62894e-01 9.13145e-01
754 9.65341e-01 9.15736e-01
755 9.50305e-01 9.09103e-01
756 9.59925e-01 9.33242e-01
757 9.52630e-01 9.49354e-01
758 9.74441e-01 9.12580e-01
759 9.72685e-01 9.13927e-01
760 9.52746e-01 9.12169e-01
761 9.46500e-01 9.16808e-01
762 9.55860e-01 9.47444e-01
763 9.60905e-01 9.23845e-01
764 9.55634e-01 9.12106e-01
765 9.62101e-01 9.14048e-01
766 9.72009e-01 9.20073e-01
767 9.35468e-01 9.09639e-01
768 9.55812e-01 9.17736e-01
769 9.68527e-01 9.25294e-01
770 9.48708e-01 9.21784e-01
771 9.66563e-01 9.24621e-01
772 9.44396e-01 9.21010e-01
773 9.47205e-01 9.20513e-01
774 9.44749e-01 9.23902e-01
775 9.45705e-01 9.24677e-01
776 9.70309e-01 9.13012e-01
777 9.64492e-01 9.28264e-01
778 9.61492e-01 9.12118e-01
779 9.51161e-01 9.11248e-01
780 9.50521e-01 9.09271e-01
781 9.54266e-01 9.07460e-01
782 9.62290e-01 9.29558e-01
783 9.46064e-01 9.12576e-01
784 9.61274e-01 9.46849e-01
785 9.40548e-01 9.19271e-01
786 9.41973e-01 9.16602e-01
787 9.63780e-01 9.27522e-01
788 9.47521e-01 9.32423e-01
789 9.54478e-01 9.18472e-01
790 9.47700e-01 9.10875e-01
791 9.63221e-01 9.18373e-01
792 9.52540e-01 9.16195e-01
793 9.52154e-01 9.18338e-01
794 9.53685e-01 9.07815e-01
795 9.44832e-01 9.24714e-01
796 9.59013e-01 9.31040e-01
797 9.36946e-01 8.96598e-01
798 9.51022e-01 9.13394e-01
799 9.45402e-01 9.20218e-01
800 9.53600e-01 8.95772e-01
801 9.58283e-01 9.12523e-01
802 9.47232e-01 9.07547e-01
803 9.48635e-01 9.06675e-01
804 9.50861e-01 8.99599e-01
805 9.50417e-01 9.02226e-01
806 9.40223e-01 9.18422e-01
807 9.65940e-01 9.15996e-01
808 9.48656e-01 9.12065e-01
809 9.60260e-01 9.06032e-01
810 9.51794e-01 9.13363e-01
811 9.69321e-01 9.10179e-01
812 9.49883e-01 9.08570e-01
813 9.40676e-01 9.24447e-01
814 9.44662e-01 9.26621e-01
815 9.47294e-01 9.13354e-01
816 9.55768e-01 9.40447e-01
817 9.60014e-01 9.24433e-01
818 9.54302e-01 9.22007e-01
819 9.55269e-01 9.12424e-01
820 9.55887e-01 9.12401e-01
821 9.54037e-01 9.24851e-01
822 9.36803e-01 9.15500e-01
823 9.62509e-01 9.15065e-01
824 9.62027e-01 9.13495e-01
825 9.51969e-01 9.13393e-01
826 9.43132e-01 9.03577e-01
827 9.60651e-01 9.14809e-01
828 9.48302e-01 9.13134e-01
829 9.39889e-01 9.07086e-01
830 9.61379e-01 9.00816e-01
831 9.48557e-01 9.03606e-01
832 9.58345e-01 9.14357e-01
833 9.72397e-01 9.14830e-01
834 9.35257e-01 9.11244e-01
835 9.30600e-01 9.21759e-01
836 9.57488e-01 9.27237e-01
837 9.52686e-01 9.07387e-01
838 9.63157e-01 9.23370e-01
839 9.59779e-01 9.17091e-01
840 9.57168e-01 9.17024e-01
841 9.37450e-01 9.06901e-01
842 9.55796e-01 9.00993e-01
843 9.40190e-01 9.17302e-01
844 9.56893e-01 9.17781e-01
845 9.62894e-01 9.02524e-01
846 9.41977e-01 8.90135e-01
847 9.49888e-01 9.12664e-01
848 9.38707e-01 9.02244e-01
849 9.53170e-01 9.11167e-01
850 9.54237e-01 8.98552e-01
851 9.63988e-01 9.22013e-01
852 9.55569e-01 9.15089e-01
853 9.55751e-01 9.20117e-01
854 9.65630e-01 9.25171e-01
855 9.52095e-01 9.20068e-01
856 9.37989e-01 9.11844e-01
857 9.44351e-01 9.21056e-01
858 9.42413e-01 9.14997e-01
859 9.59885e-01 9.23546e-01
860 9.53465e-01 9.25984e-01
861 9.33340e-01 9.16343e-01
862 9.62222e-01 9.08640e-01
863 9.44164e-01 9.20382e-01
864 9.51272e-01 9.12679e-01
865 9.58464e-01 9.11429e-01
866 9.38834e-01 9.34379e-01
867 9.44379e-01 9.07274e-01
868 9.43197e-01 9.09505e-01
869 9.31087e-01 9.21925e-01
870 9.49449e-01 9.10964e-01
871 9.58415e-01 9.31631e-01
872 9.42774e-01 9.21810e-01
873 9.41119e-01 9.08015e-01
874 9.34152e-01 9.13828e-01
875 9.76393e-01 9.22667e-01
876 9.52069e-01 9.15886e-01
877 9.42808e-01 9.11529e-01
878 9.34860e-01 9.06326e-01
879 9.45606e-01 8.97336e-01
880 9.48407e-01 9.02737e-01
881 9.50049e-01 9.09404e-01
882 9.28164e-01 8.99213e-01
883 9.32124e-01 9.02471e-01
884 9.61484e-01 9.03833e-01
885 9.29290e-01 9.01193e-01
886 9.61487e-01 9.05032e-01
887 9.40264e-01 9.08293e-01
888 9.36255e-01 9.07384e-01
889 9.27550e-01 8.94631e-01
890 9.70782e-01 9.26773e-01
891 9.50055e-01 9.07610e-01
892 9.54094e-01 9.11603e-01
893 9.55357e-01 9.06041e-01
894 9.54397e-01 8.98417e-01
895 9.55586e-01 9.06052e-01
896 9.46968e-01 8.99107e-01
897 9.59903e-01 8.98605e-01
898 9.50325e-01 8.92514e-01
899 9.43095e-01 8.99633e-01
900 9.43060e-01 9.10918e-01
901 9.43641e-01 9.13514e-01
902 9.41217e-01 9.07850e-01
903 9.27552e-01 9.17123e-01
904 9.29067e-01 9.21324e-01
905 9.53194e-01 8.98797e-01
906 9.37160e-01 9.23837e-01
907 9.40179e-01 9.11316e-01
908 9.48946e-01 9.00762e-01
909 9.21081e-01 8.99478e-01
910 9.60599e-01 9.01044e-01
911 9.40325e-01 9.17900e-01
912 9.36345e-01 8.99230e-01
913 9.46115e-01 9.03747e-01
914 9.50255e-01 8.94827e-01
915 9.47294e-01 8.97271e-01
916 9.60790e-01 9.25479e-01
917 9.41546e-01 9.02594e-01
918 9.36843e-01 9.05321e-01
919 9.47559e-01 9.12154e-01
920 9.40270e-01 9.10542e-01
921 9.47039e-01 8.96687e-01
922 9.57376e-01 9.10504e-01
923 9.40934e-01 9.00057e-01
924 9.42978e-01 9.12605e-01
925 9.45195e-01 8.96845e-01
926 9.66205e-01 8.94334e-01
927 9.42346e-01 9.03703e-01
928 9.45911e-01 9.07788e-01
929 9.55635e-01 9.15693e-01
930 9.39700e-01 9.16903e-01
931 9.33491e-01 9.21243e-01
932 9.46571e-01 9.08297e-01
933 9.20581e-01 9.01968e-01
934 9.32057e-01 9.11286e-01
935 9.53378e-01 9.06501e-01
936 9.53062e-01 9.16366e-01
937 9.55172e-01 9.12017e-01
938 9.30007e-01 8.94233e-01
939 9.50082e-01 9.07125e-01
940 9.49223e-01 9.08433e-01
941 9.51254e-01 9.00947e-01
942 9.32148e-01 9.08570e-01
943 9.46624e-01 9.09950e-01
944 9.36296e-01 9.14371e-01
945 9.16210e-01 8.95511e-01
946 9.62267e-01 9.21677e-01
947 9.35231e-01 9.05819e-01
948 9.25812e-01 9.10149e-01
949 9.70988e-01 8.97935e-01
950 9.21247e-01 9.06232e-01
951 9.43320e-01 9.03890e-01
952 9.34280e-01 9.04799e-01
953 9.53581e-01 9.12704e-01
954 9.35228e-01 9.11043e-01
955 9.41690e-01 9.03002e-01
956 9.58595e-01 9.20828e-01
957 9.46499e-01 9.02108e-01
958 9.35336e-01 8.98595e-01
959 9.52822e-01 9.00489e-01
960 9.33043e-01 8.97096e-01
961 9.35852e-01 9.03324e-01
962 9.56047e-01 9.06149e-01
963 9.41707e-01 9.20871e-01
964 9.29046e-01 9.18561e-01
965 9.49378e-01 9.06000e-01
966 9.31586e-01 9.03948e-01
967 9.33249e-01 8.99131e-01
968 9.34125e-01 9.00971e-01
969 9.38126e-01 9.04562e-01
970 9.22399e-01 8.95254e-01
971 9.28794e-01 8.89488e-01
972 9.37182e-01 9.03554e-01
973 9.55032e-01 9.08305e-01
974 9.29166e-01 9.20638e-01
975 9.48359e-01 9.00277e-01
976 9.43933e-01 9.03309e-01
977 9.49476e-01 8.96787e-01
978 9.32281e-01 9.00808e-01
979 9.40391e-01 8.92425e-01
980 9.41344e-01 8.99865e-01
981 9.39244e-01 9.09420e-01
982 9.12860e-01 8.95141e-01
983 9.35485e-01 8.90303e-01
984 9.29013e-01 9.05521e-01
985 9.55928e-01 8.97343e-01
986 9.51137e-01 9.08219e-01
987 9.39444e-01 8.94103e-01
988 9.56850e-01 9.01843e-01
989 9.34357e-01 8.94895e-01
990 9.47008e-01 8.92587e-01
991 9.48293e-01 9.09993e-01
992 9.14488e-01 8.98462e-01
993 9.41830e-01 9.03371e-01
994 9.19464e-01 9.05255e-01
995 9.30820e-01 8.82860e-01
996 9.30997e-01 8.92818e-01
997 9.13463e-01 9.00509e-01
998 9.26955e-01 9.05008e-01
999 9.24673e-01 9.03014e-01
