training dataset: fesc_test
seed = 5
umFeatures = 7
Feature List: SFRs, Mstars, masses, redshifts, fgases, min_dist, t_lookback
fluxSize = 4
batch_size = 256
epochs     = 1000
0 epoch  1 train loss  2 test loss
0 1.45266e+00 1.28295e+00
1 1.27157e+00 1.22292e+00
2 1.25452e+00 1.19331e+00
3 1.20489e+00 1.15890e+00
4 1.19258e+00 1.15033e+00
5 1.24435e+00 1.19763e+00
6 1.16888e+00 1.12578e+00
7 1.18320e+00 1.15389e+00
8 1.14973e+00 1.17253e+00
9 1.21260e+00 1.13113e+00
10 1.14544e+00 1.10437e+00
11 1.13685e+00 1.09754e+00
12 1.13933e+00 1.10026e+00
13 1.13832e+00 1.13557e+00
14 1.13211e+00 1.10482e+00
15 1.12917e+00 1.09881e+00
16 1.12283e+00 1.12415e+00
17 1.12890e+00 1.07808e+00
18 1.12820e+00 1.10108e+00
19 1.12924e+00 1.09444e+00
20 1.11467e+00 1.06509e+00
21 1.14317e+00 1.10522e+00
22 1.12727e+00 1.08103e+00
23 1.09674e+00 1.08413e+00
24 1.09949e+00 1.06895e+00
25 1.11396e+00 1.09258e+00
26 1.08413e+00 1.07736e+00
27 1.09565e+00 1.05567e+00
28 1.09380e+00 1.05840e+00
29 1.08828e+00 1.05456e+00
30 1.08175e+00 1.08039e+00
31 1.10983e+00 1.07496e+00
32 1.09341e+00 1.05247e+00
33 1.08732e+00 1.04799e+00
34 1.07135e+00 1.03834e+00
35 1.08676e+00 1.06291e+00
36 1.08832e+00 1.06084e+00
37 1.08416e+00 1.05702e+00
38 1.06479e+00 1.11001e+00
39 1.09030e+00 1.06449e+00
40 1.06406e+00 1.04095e+00
41 1.08786e+00 1.04385e+00
42 1.06744e+00 1.05294e+00
43 1.05826e+00 1.04094e+00
44 1.05769e+00 1.08909e+00
45 1.07162e+00 1.03136e+00
46 1.06657e+00 1.03578e+00
47 1.07842e+00 1.05898e+00
48 1.07098e+00 1.03142e+00
49 1.05429e+00 1.02380e+00
50 1.06235e+00 1.02270e+00
51 1.06735e+00 1.02931e+00
52 1.05915e+00 1.03989e+00
53 1.06881e+00 1.03233e+00
54 1.05564e+00 1.02575e+00
55 1.05752e+00 1.05365e+00
56 1.06104e+00 1.02454e+00
57 1.04927e+00 1.06380e+00
58 1.07309e+00 1.03097e+00
59 1.06585e+00 1.04246e+00
60 1.06625e+00 1.04373e+00
61 1.06228e+00 1.03037e+00
62 1.04488e+00 1.02497e+00
63 1.04289e+00 1.02762e+00
64 1.05701e+00 1.02779e+00
65 1.07077e+00 1.03802e+00
66 1.04478e+00 1.03144e+00
67 1.06250e+00 1.01623e+00
68 1.05320e+00 1.01698e+00
69 1.04781e+00 1.00740e+00
70 1.02717e+00 1.01562e+00
71 1.04636e+00 1.03652e+00
72 1.05592e+00 1.04171e+00
73 1.02955e+00 1.01288e+00
74 1.03836e+00 1.00959e+00
75 1.04242e+00 1.02288e+00
76 1.04302e+00 1.02096e+00
77 1.04356e+00 1.00783e+00
78 1.03828e+00 1.02116e+00
79 1.03261e+00 1.01256e+00
80 1.04395e+00 1.05257e+00
81 1.03880e+00 1.01472e+00
82 1.03028e+00 1.00624e+00
83 1.03802e+00 1.01367e+00
84 1.03422e+00 1.00027e+00
85 1.03504e+00 1.01133e+00
86 1.04173e+00 1.00751e+00
87 1.02409e+00 1.00956e+00
88 1.03222e+00 1.02006e+00
89 1.04448e+00 1.00290e+00
90 1.04638e+00 1.01200e+00
91 1.03087e+00 9.99573e-01
92 1.02574e+00 9.98127e-01
93 1.03383e+00 1.00943e+00
94 1.03843e+00 1.00011e+00
95 1.03519e+00 9.97794e-01
96 1.02246e+00 1.00969e+00
97 1.04866e+00 1.01295e+00
98 1.02575e+00 9.95700e-01
99 1.03841e+00 1.00069e+00
100 1.02490e+00 9.99895e-01
101 1.01965e+00 1.00122e+00
102 1.02734e+00 9.99452e-01
103 1.01599e+00 1.02135e+00
104 1.02383e+00 1.00528e+00
105 1.03198e+00 1.02285e+00
106 1.02390e+00 1.00129e+00
107 1.01615e+00 9.90460e-01
108 1.00553e+00 9.97204e-01
109 1.01626e+00 9.79000e-01
110 1.01863e+00 1.00554e+00
111 1.03198e+00 9.89951e-01
112 1.02339e+00 9.96433e-01
113 1.03073e+00 9.92860e-01
114 1.02486e+00 1.01817e+00
115 1.01443e+00 1.00619e+00
116 1.01558e+00 1.01248e+00
117 1.04187e+00 1.02716e+00
118 1.01296e+00 9.87715e-01
119 1.01565e+00 9.90132e-01
120 1.00525e+00 1.00035e+00
121 1.00738e+00 9.89071e-01
122 9.94514e-01 9.90946e-01
123 1.00073e+00 1.00240e+00
124 1.00974e+00 9.95478e-01
125 1.01315e+00 1.00747e+00
126 1.00902e+00 9.87983e-01
127 1.00821e+00 9.98880e-01
128 1.00669e+00 9.86774e-01
129 9.96628e-01 9.75141e-01
130 1.00035e+00 9.92148e-01
131 1.02295e+00 9.77225e-01
132 1.00371e+00 1.00943e+00
133 1.00586e+00 9.81273e-01
134 1.00471e+00 9.80067e-01
135 1.00499e+00 9.84175e-01
136 1.00573e+00 9.82570e-01
137 1.00787e+00 9.78870e-01
138 9.99290e-01 9.81816e-01
139 9.93275e-01 9.73914e-01
140 9.96379e-01 9.73455e-01
141 9.98115e-01 1.01647e+00
142 1.01007e+00 9.79779e-01
143 1.01412e+00 9.78964e-01
144 1.00995e+00 9.82772e-01
145 9.98146e-01 9.81544e-01
146 1.00851e+00 9.88227e-01
147 1.01695e+00 9.87395e-01
148 1.00152e+00 9.74754e-01
149 1.00659e+00 9.73799e-01
150 1.00180e+00 9.85229e-01
151 9.92183e-01 9.76089e-01
152 9.94699e-01 9.72695e-01
153 1.00986e+00 9.75516e-01
154 9.90153e-01 9.75670e-01
155 9.86125e-01 9.77833e-01
156 1.00325e+00 9.87902e-01
157 1.00888e+00 9.71612e-01
158 1.00224e+00 9.94004e-01
159 9.93750e-01 9.81939e-01
160 9.95668e-01 1.00803e+00
161 9.99272e-01 9.96781e-01
162 9.93716e-01 9.74021e-01
163 9.83866e-01 9.66217e-01
164 9.84231e-01 9.81480e-01
165 9.87645e-01 9.67762e-01
166 9.87357e-01 9.66742e-01
167 9.96993e-01 9.81815e-01
168 1.00093e+00 9.68411e-01
169 9.87869e-01 9.71318e-01
170 9.99220e-01 9.67393e-01
171 9.84316e-01 9.80636e-01
172 9.89519e-01 9.83864e-01
173 9.88864e-01 9.68041e-01
174 9.85695e-01 9.67525e-01
175 9.82883e-01 9.70994e-01
176 9.88809e-01 9.65752e-01
177 1.00358e+00 9.80415e-01
178 1.00373e+00 9.85787e-01
179 9.87861e-01 9.69619e-01
180 9.79397e-01 9.77769e-01
181 9.87733e-01 9.60642e-01
182 9.82741e-01 9.69127e-01
183 9.95407e-01 9.73252e-01
184 9.85206e-01 9.77048e-01
185 9.77522e-01 9.98320e-01
186 9.95950e-01 9.60401e-01
187 9.75048e-01 9.63408e-01
188 9.89612e-01 9.70284e-01
189 9.74461e-01 9.76047e-01
190 9.79979e-01 9.64584e-01
191 9.81659e-01 9.67955e-01
192 9.88002e-01 9.73186e-01
193 9.86173e-01 9.60928e-01
194 9.76190e-01 9.60421e-01
195 9.80348e-01 9.53021e-01
196 9.68950e-01 9.60990e-01
197 9.73572e-01 9.75448e-01
198 9.84542e-01 9.63342e-01
199 9.85358e-01 9.78464e-01
200 9.89153e-01 9.64835e-01
201 9.81071e-01 9.54109e-01
202 9.79411e-01 9.65830e-01
203 1.00025e+00 9.62064e-01
204 9.84106e-01 9.55067e-01
205 9.70881e-01 9.75606e-01
206 9.90321e-01 9.65602e-01
207 9.76504e-01 9.70440e-01
208 9.78820e-01 9.67089e-01
209 9.75851e-01 9.58282e-01
210 9.65659e-01 9.62600e-01
211 9.71188e-01 9.53392e-01
212 9.74661e-01 9.63484e-01
213 9.71324e-01 9.58390e-01
214 9.69612e-01 1.00494e+00
215 9.81461e-01 9.63801e-01
216 9.82092e-01 9.64523e-01
217 9.66351e-01 9.61803e-01
218 9.83529e-01 9.99268e-01
219 9.89874e-01 9.60270e-01
220 9.65981e-01 9.67062e-01
221 9.63421e-01 9.56894e-01
222 9.62812e-01 9.64817e-01
223 9.74686e-01 9.58978e-01
224 9.74095e-01 9.68668e-01
225 9.79547e-01 9.63855e-01
226 9.58372e-01 9.49199e-01
227 9.71085e-01 9.57409e-01
228 9.80948e-01 9.68202e-01
229 9.64653e-01 9.69413e-01
230 9.72415e-01 9.64687e-01
231 9.72819e-01 9.65113e-01
232 9.79390e-01 9.61995e-01
233 9.82858e-01 9.54146e-01
234 9.72565e-01 9.63651e-01
235 9.60184e-01 9.63201e-01
236 9.53807e-01 9.60936e-01
237 9.64231e-01 9.65820e-01
238 9.81172e-01 9.61658e-01
239 9.72467e-01 9.50792e-01
240 9.88085e-01 9.63142e-01
241 9.73318e-01 9.60326e-01
242 9.73599e-01 9.58297e-01
243 9.69791e-01 9.68434e-01
244 9.77920e-01 9.64754e-01
245 9.69659e-01 9.61629e-01
246 9.49212e-01 9.68450e-01
247 9.67994e-01 9.52404e-01
248 9.84463e-01 9.60841e-01
249 9.81229e-01 9.76331e-01
250 9.65674e-01 9.56843e-01
251 9.68088e-01 9.63262e-01
252 9.51540e-01 9.59374e-01
253 9.64106e-01 9.58261e-01
254 9.49882e-01 9.55965e-01
255 9.60962e-01 9.58175e-01
256 9.74833e-01 9.62662e-01
257 9.59469e-01 9.65497e-01
258 9.62023e-01 9.68109e-01
259 9.60126e-01 9.57905e-01
260 9.59172e-01 9.67990e-01
261 9.65649e-01 9.62163e-01
262 9.46294e-01 9.56889e-01
263 9.59298e-01 9.44939e-01
264 9.62263e-01 9.55026e-01
265 9.58661e-01 9.61253e-01
266 9.79169e-01 9.53977e-01
267 9.56441e-01 9.49603e-01
268 9.55654e-01 9.46626e-01
269 9.61247e-01 9.72142e-01
270 9.67729e-01 9.66849e-01
271 9.50864e-01 9.58402e-01
272 9.62485e-01 9.67933e-01
273 9.54422e-01 9.71983e-01
274 9.77296e-01 9.74897e-01
275 9.72107e-01 9.73400e-01
276 9.63936e-01 9.60291e-01
277 9.56123e-01 9.62921e-01
278 9.46961e-01 9.51210e-01
279 9.56028e-01 9.58549e-01
280 9.67226e-01 9.74752e-01
281 9.67833e-01 9.61855e-01
282 9.47883e-01 9.50289e-01
283 9.54567e-01 9.50537e-01
284 9.44051e-01 9.64104e-01
285 9.53367e-01 9.58281e-01
286 9.73614e-01 9.56125e-01
287 9.61522e-01 9.81125e-01
288 9.74709e-01 9.71966e-01
289 9.49643e-01 9.56943e-01
290 9.61205e-01 9.68189e-01
291 9.51725e-01 9.68072e-01
292 9.55220e-01 9.61674e-01
293 9.50670e-01 9.61248e-01
294 9.77334e-01 9.69017e-01
295 9.48457e-01 9.58131e-01
296 9.49713e-01 9.65614e-01
297 9.56649e-01 9.67281e-01
298 9.67777e-01 9.58645e-01
299 9.50383e-01 9.89381e-01
300 9.63419e-01 9.62967e-01
301 9.47113e-01 9.59519e-01
302 9.57035e-01 9.61589e-01
303 9.63914e-01 9.54696e-01
304 9.42927e-01 9.64994e-01
305 9.40806e-01 9.58496e-01
306 9.56653e-01 9.56587e-01
307 9.73208e-01 9.56967e-01
308 9.54922e-01 9.53079e-01
309 9.55982e-01 9.57702e-01
310 9.50333e-01 9.56634e-01
311 9.48175e-01 9.45529e-01
312 9.42488e-01 9.56172e-01
313 9.38721e-01 9.41532e-01
314 9.46935e-01 9.52993e-01
315 9.57428e-01 9.54437e-01
316 9.51707e-01 9.55180e-01
317 9.44312e-01 9.54194e-01
318 9.42141e-01 9.58596e-01
319 9.67228e-01 9.73327e-01
320 9.56582e-01 9.61911e-01
321 9.56075e-01 9.66351e-01
322 9.40067e-01 9.58347e-01
323 9.33745e-01 9.46557e-01
324 9.44561e-01 9.53669e-01
325 9.49241e-01 9.44882e-01
326 9.42015e-01 9.52460e-01
327 9.50192e-01 9.51081e-01
328 9.50167e-01 9.47947e-01
329 9.48719e-01 9.48495e-01
330 9.36482e-01 9.42194e-01
331 9.54376e-01 9.41067e-01
332 9.49059e-01 9.73874e-01
333 9.47112e-01 9.46705e-01
334 9.43925e-01 9.41220e-01
335 9.27955e-01 9.69558e-01
336 9.49416e-01 9.47050e-01
337 9.31264e-01 9.49328e-01
338 9.58170e-01 9.58341e-01
339 9.39861e-01 9.52254e-01
340 9.36467e-01 9.50890e-01
341 9.28494e-01 9.68660e-01
342 9.36897e-01 9.71059e-01
343 9.43684e-01 9.44538e-01
344 9.42361e-01 9.57973e-01
345 9.37285e-01 9.71285e-01
346 9.50144e-01 9.57286e-01
347 9.40831e-01 9.51914e-01
348 9.41779e-01 9.44680e-01
349 9.32104e-01 9.47456e-01
350 9.36484e-01 9.47088e-01
351 9.26913e-01 9.48528e-01
352 9.60630e-01 9.44594e-01
353 9.33693e-01 9.49078e-01
354 9.38731e-01 9.47092e-01
355 9.32810e-01 9.58569e-01
356 9.42919e-01 9.53727e-01
357 9.54210e-01 9.49092e-01
358 9.34691e-01 9.47334e-01
359 9.41725e-01 9.39670e-01
360 9.30031e-01 9.86950e-01
361 9.57298e-01 9.53172e-01
362 9.35587e-01 9.70164e-01
363 9.30708e-01 9.56239e-01
364 9.28172e-01 9.73765e-01
365 9.27479e-01 9.44732e-01
366 9.24930e-01 9.56012e-01
367 9.49454e-01 9.49854e-01
368 9.39227e-01 9.42572e-01
369 9.47703e-01 9.51378e-01
370 9.30350e-01 9.56216e-01
371 9.45264e-01 9.51240e-01
372 9.30802e-01 9.54522e-01
373 9.37946e-01 9.57477e-01
374 9.21287e-01 9.63681e-01
375 9.40496e-01 9.52424e-01
376 9.32802e-01 9.55109e-01
377 9.30221e-01 9.55630e-01
378 9.46762e-01 9.52552e-01
379 9.35182e-01 9.55253e-01
380 9.42189e-01 9.49503e-01
381 9.25995e-01 9.43742e-01
382 9.13212e-01 9.55619e-01
383 9.34552e-01 9.56367e-01
384 9.32122e-01 9.54811e-01
385 9.28237e-01 9.53326e-01
386 9.28216e-01 9.43446e-01
387 9.30670e-01 9.34954e-01
388 9.16377e-01 9.42408e-01
389 9.30846e-01 9.48128e-01
390 9.22662e-01 9.48226e-01
391 9.43462e-01 9.56808e-01
392 9.34273e-01 9.50220e-01
393 9.30808e-01 9.62055e-01
394 9.29042e-01 9.42258e-01
395 9.40487e-01 9.44816e-01
396 9.15655e-01 9.46119e-01
397 9.40882e-01 9.46513e-01
398 9.34142e-01 9.61032e-01
399 9.28901e-01 9.51259e-01
400 9.20867e-01 9.43513e-01
401 9.22655e-01 9.48093e-01
402 9.16164e-01 9.38974e-01
403 9.28720e-01 9.45185e-01
404 9.14223e-01 9.47364e-01
405 9.27238e-01 9.56305e-01
406 9.30887e-01 9.53531e-01
407 9.20873e-01 9.40584e-01
408 9.25339e-01 9.51753e-01
409 9.47292e-01 9.39010e-01
410 9.34776e-01 9.41197e-01
411 9.15001e-01 9.56335e-01
412 9.10460e-01 9.53106e-01
413 9.48778e-01 9.49869e-01
414 9.24855e-01 9.66190e-01
415 9.25800e-01 9.47862e-01
416 9.33647e-01 9.58622e-01
417 9.26142e-01 9.48284e-01
418 9.14351e-01 9.46161e-01
419 9.26320e-01 9.41574e-01
420 9.33200e-01 9.49979e-01
421 9.28655e-01 9.48502e-01
422 9.33394e-01 9.55313e-01
423 9.25371e-01 9.53816e-01
424 9.14757e-01 9.47239e-01
425 9.18544e-01 9.44289e-01
426 9.16909e-01 9.39639e-01
427 9.30189e-01 9.34399e-01
428 9.30326e-01 9.35539e-01
429 9.29759e-01 9.46328e-01
430 9.21233e-01 9.42164e-01
431 9.17038e-01 9.38307e-01
432 9.33542e-01 9.37473e-01
433 8.98113e-01 9.41157e-01
434 9.36334e-01 9.41654e-01
435 9.17971e-01 9.38062e-01
436 9.24609e-01 9.60062e-01
437 9.28800e-01 9.45926e-01
438 9.26318e-01 9.56876e-01
439 9.12721e-01 9.42553e-01
440 9.07797e-01 9.33701e-01
441 9.18579e-01 9.38158e-01
442 9.30917e-01 9.62664e-01
443 9.12907e-01 9.43812e-01
444 9.19732e-01 9.35994e-01
445 9.18082e-01 9.40263e-01
446 9.32433e-01 9.29201e-01
447 9.33962e-01 9.50969e-01
448 9.07763e-01 9.41727e-01
449 9.24292e-01 9.45981e-01
450 9.21023e-01 9.30195e-01
451 9.13757e-01 9.33100e-01
452 9.17617e-01 9.34855e-01
453 9.22223e-01 9.46396e-01
454 9.21953e-01 9.37568e-01
455 9.09061e-01 9.24146e-01
456 9.26380e-01 9.44460e-01
457 9.26180e-01 9.28832e-01
458 9.19075e-01 9.25302e-01
459 9.15286e-01 9.33812e-01
460 9.26557e-01 9.42730e-01
461 9.08528e-01 9.48993e-01
462 9.19566e-01 9.27858e-01
463 9.42112e-01 9.31310e-01
464 9.06890e-01 9.43045e-01
465 8.97270e-01 9.28965e-01
466 9.19256e-01 9.49808e-01
467 9.22360e-01 9.32129e-01
468 9.17532e-01 9.41186e-01
469 9.11081e-01 9.44263e-01
470 9.15883e-01 9.38507e-01
471 9.02141e-01 9.36284e-01
472 9.16220e-01 9.25376e-01
473 9.24911e-01 9.41889e-01
474 9.12812e-01 9.43994e-01
475 8.96593e-01 9.43399e-01
476 9.20484e-01 9.39205e-01
477 9.18135e-01 9.36857e-01
478 9.02250e-01 9.80065e-01
479 9.22968e-01 9.71922e-01
480 9.05041e-01 9.51727e-01
481 9.21317e-01 9.56232e-01
482 8.88276e-01 9.60386e-01
483 9.03788e-01 9.46329e-01
484 9.19422e-01 9.42163e-01
485 8.84192e-01 9.58196e-01
486 9.25374e-01 9.36965e-01
487 9.13331e-01 9.39279e-01
488 8.94656e-01 9.54740e-01
489 9.19062e-01 9.53593e-01
490 8.99020e-01 9.27445e-01
491 9.18439e-01 9.29095e-01
492 8.93870e-01 9.67766e-01
493 9.06705e-01 9.48094e-01
494 9.03810e-01 9.45916e-01
495 9.21456e-01 9.77369e-01
496 8.96403e-01 9.34710e-01
497 9.05674e-01 9.51093e-01
498 9.24823e-01 9.39673e-01
499 8.96722e-01 9.53006e-01
500 9.10877e-01 9.33571e-01
501 9.03921e-01 9.41257e-01
502 9.16632e-01 9.30258e-01
503 9.11343e-01 9.42896e-01
504 9.02094e-01 9.46302e-01
505 8.95445e-01 9.32072e-01
506 9.26080e-01 9.48750e-01
507 9.04604e-01 9.20435e-01
508 9.08100e-01 9.68265e-01
509 9.20388e-01 9.42471e-01
510 9.02269e-01 9.33160e-01
511 9.20004e-01 9.48718e-01
512 9.07748e-01 9.46394e-01
513 9.06081e-01 9.40009e-01
514 9.01987e-01 9.42659e-01
515 8.81469e-01 9.42216e-01
516 9.12200e-01 9.36091e-01
517 8.83801e-01 9.46864e-01
518 8.93024e-01 9.42976e-01
519 8.76119e-01 9.43339e-01
520 9.23327e-01 9.42971e-01
521 9.12328e-01 9.43483e-01
522 8.92750e-01 9.47100e-01
523 9.12669e-01 9.37914e-01
524 9.19240e-01 9.33257e-01
525 9.07532e-01 9.39564e-01
526 8.90013e-01 9.31111e-01
527 9.12565e-01 9.28962e-01
528 8.99627e-01 9.53609e-01
529 9.04794e-01 9.34159e-01
530 8.82385e-01 9.58113e-01
531 9.26212e-01 9.33377e-01
532 9.08710e-01 9.21768e-01
533 9.00569e-01 9.42448e-01
534 8.92789e-01 9.39694e-01
535 8.90715e-01 9.51858e-01
536 9.21209e-01 9.27822e-01
537 8.98083e-01 9.43803e-01
538 8.92611e-01 9.57402e-01
539 9.14450e-01 9.40819e-01
540 8.89290e-01 9.49421e-01
541 9.09019e-01 9.29347e-01
542 9.24651e-01 9.61467e-01
543 8.69745e-01 9.73325e-01
544 9.02037e-01 9.46879e-01
545 9.02202e-01 9.61754e-01
546 9.22717e-01 9.41826e-01
547 8.93961e-01 9.27579e-01
548 8.94404e-01 9.24504e-01
549 8.95189e-01 9.51721e-01
550 8.76039e-01 9.43380e-01
551 8.91234e-01 9.38906e-01
552 8.99733e-01 9.73276e-01
553 9.19101e-01 9.32714e-01
554 8.88223e-01 9.44524e-01
555 8.81318e-01 9.49044e-01
556 8.83921e-01 9.61401e-01
557 9.00222e-01 9.27620e-01
558 8.90512e-01 9.49831e-01
559 9.24310e-01 9.36433e-01
560 9.13564e-01 9.41752e-01
561 9.00537e-01 9.43714e-01
562 9.00592e-01 9.24628e-01
563 8.73594e-01 9.44767e-01
564 8.84071e-01 9.61320e-01
565 9.23936e-01 9.21608e-01
566 8.83908e-01 9.30111e-01
567 8.99430e-01 9.55844e-01
568 8.98675e-01 9.36187e-01
569 8.96669e-01 9.33192e-01
570 8.90660e-01 9.31475e-01
571 8.80942e-01 9.15394e-01
572 8.93592e-01 9.46542e-01
573 8.86123e-01 9.16189e-01
574 8.73022e-01 9.37389e-01
575 8.93826e-01 9.37980e-01
576 8.86718e-01 9.66207e-01
577 8.96262e-01 9.25917e-01
578 8.99828e-01 9.18230e-01
579 8.94024e-01 9.46120e-01
580 8.90685e-01 9.28264e-01
581 8.96029e-01 9.50810e-01
582 8.92411e-01 9.44428e-01
583 8.75616e-01 9.62945e-01
584 9.00353e-01 9.43514e-01
585 9.04341e-01 9.57991e-01
586 8.90063e-01 9.30412e-01
587 8.83781e-01 9.71853e-01
588 8.97425e-01 9.66979e-01
589 8.94590e-01 9.55569e-01
590 8.87505e-01 9.20684e-01
591 8.92490e-01 9.23173e-01
592 8.94205e-01 9.37186e-01
593 8.82435e-01 9.21033e-01
594 8.84909e-01 9.13693e-01
595 9.13126e-01 9.37114e-01
596 8.82103e-01 9.17415e-01
597 8.84584e-01 9.33003e-01
598 8.92277e-01 9.22896e-01
599 8.83322e-01 9.31042e-01
600 9.00928e-01 9.42215e-01
601 8.97112e-01 9.40673e-01
602 8.84590e-01 9.15357e-01
603 8.83538e-01 9.28151e-01
604 8.90666e-01 9.27740e-01
605 8.91537e-01 9.19946e-01
606 8.93755e-01 9.11321e-01
607 8.89116e-01 9.29325e-01
608 9.12920e-01 9.45891e-01
609 8.81028e-01 9.27756e-01
610 8.93672e-01 9.30737e-01
611 9.01382e-01 9.13743e-01
612 9.03916e-01 9.41788e-01
613 8.85221e-01 9.45996e-01
614 8.80931e-01 9.41816e-01
615 8.80472e-01 9.43585e-01
616 8.74447e-01 9.50751e-01
617 8.89206e-01 9.29584e-01
618 8.77204e-01 9.25870e-01
619 8.97216e-01 9.25370e-01
620 8.81341e-01 9.40001e-01
621 8.67530e-01 9.55879e-01
622 9.13407e-01 9.20437e-01
623 9.00677e-01 9.34271e-01
624 8.89182e-01 9.49707e-01
625 9.06380e-01 9.44735e-01
626 9.05865e-01 9.47885e-01
627 8.82416e-01 9.42418e-01
628 8.83273e-01 9.16758e-01
629 8.83762e-01 9.26180e-01
630 8.95658e-01 9.33257e-01
631 8.85052e-01 9.24704e-01
632 8.94396e-01 9.54769e-01
633 8.90977e-01 9.54784e-01
634 9.07573e-01 9.50463e-01
635 8.77664e-01 9.32308e-01
636 8.78830e-01 9.36859e-01
637 8.92488e-01 9.18020e-01
638 8.71622e-01 9.46196e-01
639 8.97127e-01 9.36521e-01
640 8.81770e-01 9.31339e-01
641 8.78549e-01 9.13963e-01
642 8.75411e-01 9.25677e-01
643 8.88059e-01 9.36274e-01
644 8.83722e-01 9.26687e-01
645 8.82568e-01 9.49544e-01
646 8.82693e-01 9.22719e-01
647 8.80837e-01 9.57338e-01
648 9.16064e-01 9.28506e-01
649 8.81760e-01 9.37876e-01
650 8.93608e-01 9.39087e-01
651 8.85047e-01 9.31041e-01
652 8.68570e-01 9.35831e-01
653 8.80378e-01 9.33891e-01
654 8.74987e-01 9.33913e-01
655 8.88317e-01 9.38542e-01
656 8.85351e-01 9.28128e-01
657 8.80035e-01 9.33628e-01
658 8.68855e-01 9.57094e-01
659 8.72543e-01 9.50251e-01
660 8.73894e-01 9.76431e-01
661 8.95525e-01 9.25250e-01
662 8.82780e-01 9.13034e-01
663 8.64446e-01 9.07548e-01
664 8.91609e-01 9.17423e-01
665 8.83881e-01 9.10436e-01
666 8.68738e-01 9.21558e-01
667 8.79962e-01 9.42629e-01
668 8.98706e-01 9.43188e-01
669 8.96348e-01 9.21679e-01
670 8.76460e-01 9.18372e-01
671 8.94469e-01 9.25471e-01
672 8.61444e-01 9.32832e-01
673 8.81207e-01 9.46101e-01
674 8.86836e-01 9.38697e-01
675 8.94566e-01 9.25757e-01
676 8.77003e-01 9.27610e-01
677 9.13400e-01 9.65392e-01
678 9.11371e-01 9.15066e-01
679 9.41883e-01 9.14000e-01
680 8.96667e-01 9.46789e-01
681 8.88565e-01 9.29512e-01
682 8.92660e-01 9.15267e-01
683 8.89333e-01 9.26887e-01
684 8.69914e-01 9.43419e-01
685 9.02388e-01 9.16623e-01
686 9.16014e-01 9.19232e-01
687 8.84241e-01 9.17594e-01
688 8.97309e-01 9.15145e-01
689 8.86165e-01 9.23269e-01
690 8.82933e-01 9.21753e-01
691 8.79201e-01 9.41523e-01
692 9.00601e-01 9.38978e-01
693 8.84224e-01 9.33698e-01
694 8.81899e-01 9.33584e-01
695 8.75490e-01 9.31102e-01
696 8.93881e-01 9.26292e-01
697 9.02585e-01 9.24333e-01
698 8.90424e-01 9.67738e-01
699 8.87388e-01 9.24794e-01
700 8.87703e-01 9.35851e-01
701 8.89221e-01 9.37952e-01
702 8.83810e-01 9.22861e-01
703 8.91605e-01 9.37706e-01
704 8.81330e-01 9.40906e-01
705 8.91690e-01 9.21510e-01
706 8.72455e-01 9.25998e-01
707 8.96065e-01 9.43124e-01
708 8.87127e-01 9.36617e-01
709 8.57296e-01 9.53173e-01
710 8.84976e-01 9.15882e-01
711 8.65017e-01 9.42539e-01
712 8.81535e-01 9.25040e-01
713 8.59076e-01 9.36587e-01
714 8.72508e-01 9.37292e-01
715 8.66466e-01 9.04494e-01
716 8.66971e-01 9.06089e-01
717 8.83998e-01 9.49041e-01
718 8.66669e-01 9.30101e-01
719 8.53661e-01 9.26555e-01
720 8.78114e-01 9.23974e-01
721 8.68754e-01 9.03957e-01
722 8.72659e-01 9.29691e-01
723 8.77038e-01 8.93540e-01
724 8.85483e-01 8.90935e-01
725 8.62826e-01 9.25445e-01
726 8.75263e-01 9.33204e-01
727 8.75259e-01 9.36345e-01
728 8.67275e-01 9.28443e-01
729 8.63162e-01 9.28931e-01
730 8.83124e-01 9.08325e-01
731 8.82840e-01 9.26169e-01
732 8.85485e-01 9.25118e-01
733 8.48173e-01 9.28693e-01
734 8.87191e-01 9.50786e-01
735 8.84994e-01 9.38254e-01
736 8.81256e-01 9.31782e-01
737 8.62172e-01 9.41134e-01
738 8.82925e-01 9.27346e-01
739 8.73585e-01 9.38389e-01
740 8.83941e-01 9.13858e-01
741 8.71227e-01 9.49465e-01
742 8.84308e-01 9.29228e-01
743 8.79389e-01 9.16849e-01
744 8.77953e-01 9.16918e-01
745 8.75260e-01 9.21971e-01
746 8.57514e-01 9.25835e-01
747 8.79463e-01 8.92744e-01
748 8.52506e-01 9.12225e-01
749 8.64432e-01 9.07332e-01
750 8.61330e-01 9.07598e-01
751 8.75480e-01 9.28302e-01
752 8.75302e-01 9.26327e-01
753 8.61027e-01 9.36125e-01
754 8.77017e-01 9.30295e-01
755 8.72967e-01 9.64186e-01
756 8.75127e-01 9.08342e-01
757 8.93839e-01 9.30482e-01
758 8.73031e-01 9.28324e-01
759 8.71266e-01 9.05723e-01
760 8.71193e-01 9.23857e-01
761 8.86015e-01 9.19602e-01
762 8.65364e-01 9.41205e-01
763 8.75835e-01 9.18496e-01
764 8.57409e-01 9.17094e-01
765 8.69744e-01 9.19194e-01
766 8.79144e-01 9.40425e-01
767 8.69979e-01 9.11051e-01
768 8.73962e-01 9.20652e-01
769 8.63253e-01 9.22150e-01
770 8.91184e-01 9.09514e-01
771 8.64674e-01 9.14500e-01
772 8.87707e-01 9.21352e-01
773 8.54593e-01 9.41645e-01
774 8.94239e-01 9.22548e-01
775 8.59065e-01 9.20444e-01
776 8.43378e-01 9.34115e-01
777 8.72951e-01 9.52484e-01
778 8.81779e-01 9.31379e-01
779 8.52712e-01 9.03452e-01
780 8.67844e-01 9.49230e-01
781 8.94934e-01 9.32954e-01
782 8.72226e-01 9.65131e-01
783 8.80936e-01 9.26276e-01
784 8.61179e-01 9.15918e-01
785 8.78888e-01 9.43741e-01
786 8.56692e-01 9.43704e-01
787 8.57776e-01 9.15002e-01
788 8.55311e-01 9.43676e-01
789 8.62774e-01 9.37651e-01
790 8.64267e-01 9.28997e-01
791 8.48679e-01 9.55222e-01
792 8.68734e-01 9.36955e-01
793 8.80544e-01 9.20822e-01
794 8.55386e-01 9.29575e-01
795 8.79086e-01 9.40118e-01
796 8.72963e-01 9.32748e-01
797 8.57049e-01 9.39962e-01
798 8.63138e-01 9.24221e-01
799 8.57316e-01 9.59042e-01
800 8.74515e-01 9.14833e-01
801 8.75244e-01 9.24763e-01
802 8.89436e-01 9.21530e-01
803 8.81399e-01 9.27593e-01
804 8.55193e-01 9.19819e-01
805 8.62170e-01 9.34638e-01
806 8.72020e-01 9.30011e-01
807 8.77195e-01 9.29160e-01
808 8.62681e-01 9.21881e-01
809 8.82619e-01 9.31837e-01
810 8.80290e-01 9.30352e-01
811 8.38524e-01 9.15392e-01
812 8.85855e-01 9.09543e-01
813 8.79292e-01 9.23013e-01
814 8.61349e-01 9.22713e-01
815 8.71018e-01 9.26905e-01
816 8.70327e-01 9.28996e-01
817 8.81294e-01 9.31552e-01
818 8.83349e-01 9.43251e-01
819 8.69732e-01 9.33805e-01
820 8.38429e-01 9.29308e-01
821 8.35344e-01 9.26798e-01
822 8.86982e-01 9.27675e-01
823 8.80394e-01 9.38903e-01
824 8.58197e-01 9.10158e-01
825 8.67780e-01 9.72007e-01
826 8.70737e-01 9.36946e-01
827 8.60359e-01 9.20524e-01
828 8.79220e-01 9.27515e-01
829 8.69069e-01 9.29504e-01
830 8.63383e-01 9.17104e-01
831 8.65447e-01 9.26117e-01
832 8.68001e-01 8.94040e-01
833 8.65688e-01 9.39140e-01
834 8.72109e-01 9.11138e-01
835 8.64054e-01 9.22025e-01
836 8.66419e-01 9.47149e-01
837 8.64873e-01 9.28535e-01
838 8.70138e-01 9.39918e-01
839 8.49553e-01 9.50428e-01
840 8.74074e-01 9.30890e-01
841 8.83158e-01 9.23027e-01
842 8.80992e-01 9.40971e-01
843 8.53881e-01 9.25437e-01
844 8.69879e-01 9.21322e-01
845 8.45620e-01 9.26114e-01
846 8.47866e-01 9.15667e-01
847 8.75003e-01 9.30703e-01
848 8.78860e-01 9.30842e-01
849 8.83657e-01 8.95318e-01
850 8.57135e-01 9.03517e-01
851 8.68385e-01 9.06238e-01
852 8.86835e-01 9.23811e-01
853 8.61062e-01 9.22330e-01
854 8.97702e-01 9.19286e-01
855 8.51769e-01 9.23562e-01
856 8.73466e-01 9.47026e-01
857 8.76340e-01 9.50901e-01
858 8.75961e-01 9.47210e-01
859 8.45456e-01 9.47733e-01
860 8.44186e-01 9.62907e-01
861 8.69672e-01 9.07148e-01
862 8.68705e-01 9.09282e-01
863 8.58301e-01 9.45682e-01
864 8.52304e-01 9.00883e-01
865 8.45198e-01 9.75282e-01
866 8.80937e-01 9.19551e-01
867 8.34611e-01 9.05918e-01
868 8.38279e-01 9.40894e-01
869 8.41828e-01 9.23428e-01
870 8.53392e-01 9.15165e-01
871 8.88879e-01 9.22358e-01
872 8.68755e-01 9.19700e-01
873 8.81150e-01 9.23462e-01
874 8.77849e-01 9.51152e-01
875 8.70263e-01 9.39411e-01
876 8.52708e-01 9.24887e-01
877 8.76679e-01 9.33601e-01
878 8.64022e-01 9.29013e-01
879 8.33855e-01 9.18563e-01
880 8.67250e-01 9.40919e-01
881 8.88453e-01 9.12782e-01
882 8.73598e-01 9.16310e-01
883 8.61584e-01 9.43444e-01
884 8.83400e-01 9.03900e-01
885 8.96202e-01 9.11542e-01
886 8.66595e-01 9.11420e-01
887 8.44655e-01 9.19489e-01
888 8.53415e-01 9.46696e-01
889 8.54384e-01 9.35479e-01
890 8.61909e-01 9.42176e-01
891 8.59852e-01 9.39355e-01
892 8.67158e-01 9.16394e-01
893 8.53269e-01 9.32435e-01
894 8.48250e-01 9.33088e-01
895 8.81615e-01 9.05763e-01
896 8.57332e-01 8.99107e-01
897 8.57784e-01 9.08872e-01
898 8.58121e-01 9.26688e-01
899 8.69593e-01 8.95868e-01
900 8.42461e-01 9.15141e-01
901 8.49279e-01 9.26161e-01
902 8.52403e-01 9.40972e-01
903 8.68741e-01 9.24299e-01
904 8.63990e-01 9.18293e-01
905 8.68657e-01 9.45628e-01
906 8.44490e-01 9.21192e-01
907 8.57934e-01 9.18261e-01
908 8.75210e-01 9.22305e-01
909 8.56167e-01 9.12001e-01
910 8.43381e-01 9.09735e-01
911 8.44871e-01 9.23087e-01
912 8.69048e-01 9.12085e-01
913 8.46717e-01 9.28160e-01
914 8.57516e-01 9.16721e-01
915 8.86676e-01 9.34009e-01
916 8.82610e-01 9.47641e-01
917 8.36178e-01 9.43911e-01
918 8.51397e-01 9.55165e-01
919 8.50373e-01 9.47561e-01
920 8.51918e-01 9.29775e-01
921 8.43214e-01 9.41175e-01
922 8.53804e-01 9.35030e-01
923 8.57998e-01 9.59306e-01
924 8.55241e-01 9.39054e-01
925 8.30342e-01 9.39396e-01
926 8.87598e-01 9.30846e-01
927 8.46722e-01 9.10733e-01
928 8.43324e-01 9.37129e-01
929 8.61494e-01 9.26629e-01
930 8.55612e-01 9.12555e-01
931 8.39540e-01 9.02002e-01
932 8.65744e-01 9.11166e-01
933 8.58032e-01 9.14888e-01
934 8.54731e-01 9.47442e-01
935 8.52486e-01 9.26300e-01
936 8.52015e-01 9.29510e-01
937 8.58915e-01 9.43806e-01
938 8.49148e-01 9.03676e-01
939 8.71488e-01 9.22088e-01
940 8.41648e-01 9.29896e-01
941 8.54553e-01 9.60025e-01
942 8.41891e-01 9.48860e-01
943 8.51634e-01 9.28858e-01
944 8.45962e-01 9.73713e-01
945 8.65024e-01 9.35294e-01
946 8.43681e-01 9.25221e-01
947 8.56690e-01 9.13897e-01
948 8.40391e-01 9.32114e-01
949 8.64182e-01 9.14992e-01
950 8.44927e-01 9.31200e-01
951 8.46412e-01 9.15308e-01
952 8.54177e-01 9.39979e-01
953 8.88529e-01 9.15756e-01
954 8.61052e-01 9.11745e-01
955 8.73385e-01 9.34694e-01
956 8.59107e-01 9.23109e-01
957 8.57900e-01 9.26774e-01
958 8.33777e-01 9.22827e-01
959 8.60785e-01 9.38506e-01
960 8.67895e-01 9.49263e-01
961 8.39223e-01 9.12040e-01
962 8.48575e-01 9.40440e-01
963 8.52332e-01 9.35319e-01
964 8.80970e-01 9.11261e-01
965 8.64294e-01 9.09021e-01
966 8.56353e-01 9.21264e-01
967 8.77720e-01 9.00837e-01
968 8.65507e-01 9.15908e-01
969 8.53253e-01 9.23674e-01
970 8.70544e-01 9.31372e-01
971 8.40104e-01 9.21461e-01
972 8.61309e-01 9.34905e-01
973 8.59473e-01 9.28218e-01
974 8.44282e-01 9.56056e-01
975 8.64969e-01 9.28025e-01
976 8.44546e-01 9.28329e-01
977 8.45859e-01 9.47631e-01
978 8.75053e-01 9.04302e-01
979 8.71872e-01 9.03826e-01
980 8.67752e-01 9.50748e-01
981 8.43640e-01 9.09809e-01
982 8.25845e-01 9.27071e-01
983 8.54695e-01 9.22122e-01
984 8.59725e-01 9.18233e-01
985 8.48886e-01 9.18378e-01
986 8.61828e-01 9.01673e-01
987 8.66957e-01 9.12714e-01
988 8.42124e-01 9.12874e-01
989 8.63153e-01 9.12647e-01
990 8.49471e-01 9.03689e-01
991 8.30411e-01 9.62559e-01
992 8.39991e-01 9.36466e-01
993 8.55798e-01 9.34123e-01
994 8.49528e-01 9.33165e-01
995 8.55494e-01 9.17277e-01
996 8.53377e-01 9.01545e-01
997 8.40032e-01 9.08024e-01
998 8.37174e-01 8.91830e-01
999 8.21968e-01 9.21604e-01
