training dataset: fesc_test
seed = 5
umFeatures = 7
Feature List: SFRs, Mstars, masses, redshifts, fgases, min_dist, t_lookback
fluxSize = 4
batch_size = 256
epochs     = 1000
0 epoch  1 train loss  2 test loss
0 1.35481e+00 1.32486e+00
1 1.32201e+00 1.29178e+00
2 1.29105e+00 1.29710e+00
3 1.28467e+00 1.38167e+00
4 1.34545e+00 1.27943e+00
5 1.28345e+00 1.28358e+00
6 1.27742e+00 1.24813e+00
7 1.23936e+00 1.23487e+00
8 1.27880e+00 1.22747e+00
9 1.21022e+00 1.20697e+00
10 1.20955e+00 1.19081e+00
11 1.22630e+00 1.14836e+00
12 1.17691e+00 1.14761e+00
13 1.18610e+00 1.14328e+00
14 1.17283e+00 1.20377e+00
15 1.21530e+00 1.13228e+00
16 1.17100e+00 1.16189e+00
17 1.17534e+00 1.20451e+00
18 1.17223e+00 1.12174e+00
19 1.17066e+00 1.13567e+00
20 1.17596e+00 1.13501e+00
21 1.15139e+00 1.11869e+00
22 1.14715e+00 1.14162e+00
23 1.16363e+00 1.15678e+00
24 1.15037e+00 1.13357e+00
25 1.15476e+00 1.14560e+00
26 1.15153e+00 1.13350e+00
27 1.17523e+00 1.11992e+00
28 1.17091e+00 1.14922e+00
29 1.14844e+00 1.14548e+00
30 1.14153e+00 1.12388e+00
31 1.13299e+00 1.11982e+00
32 1.12669e+00 1.14034e+00
33 1.13766e+00 1.12559e+00
34 1.16146e+00 1.12358e+00
35 1.16117e+00 1.14497e+00
36 1.14777e+00 1.11348e+00
37 1.13162e+00 1.13425e+00
38 1.13239e+00 1.10091e+00
39 1.13842e+00 1.13738e+00
40 1.12269e+00 1.12851e+00
41 1.12596e+00 1.10617e+00
42 1.11344e+00 1.11473e+00
43 1.14550e+00 1.11930e+00
44 1.12494e+00 1.12892e+00
45 1.12082e+00 1.12288e+00
46 1.12593e+00 1.11266e+00
47 1.11680e+00 1.10728e+00
48 1.11545e+00 1.15019e+00
49 1.11750e+00 1.10563e+00
50 1.10476e+00 1.10260e+00
51 1.10690e+00 1.10264e+00
52 1.13026e+00 1.14420e+00
53 1.11961e+00 1.11493e+00
54 1.14181e+00 1.11943e+00
55 1.13901e+00 1.11110e+00
56 1.13961e+00 1.09935e+00
57 1.10155e+00 1.09645e+00
58 1.11641e+00 1.11385e+00
59 1.12900e+00 1.11402e+00
60 1.12835e+00 1.11360e+00
61 1.10021e+00 1.09483e+00
62 1.10356e+00 1.11657e+00
63 1.11084e+00 1.10345e+00
64 1.11670e+00 1.10421e+00
65 1.13804e+00 1.11851e+00
66 1.10348e+00 1.09765e+00
67 1.12347e+00 1.09909e+00
68 1.10801e+00 1.10320e+00
69 1.10425e+00 1.09135e+00
70 1.12488e+00 1.07957e+00
71 1.12128e+00 1.11257e+00
72 1.12010e+00 1.12072e+00
73 1.09636e+00 1.09199e+00
74 1.09937e+00 1.06240e+00
75 1.12578e+00 1.10436e+00
76 1.10433e+00 1.06324e+00
77 1.09854e+00 1.05814e+00
78 1.09814e+00 1.06737e+00
79 1.09297e+00 1.07693e+00
80 1.13683e+00 1.10047e+00
81 1.10431e+00 1.09668e+00
82 1.07907e+00 1.06731e+00
83 1.10176e+00 1.06555e+00
84 1.10442e+00 1.09070e+00
85 1.10519e+00 1.08261e+00
86 1.09287e+00 1.06678e+00
87 1.07184e+00 1.07086e+00
88 1.10209e+00 1.09272e+00
89 1.10797e+00 1.08937e+00
90 1.09926e+00 1.10230e+00
91 1.08368e+00 1.06753e+00
92 1.11206e+00 1.09016e+00
93 1.07995e+00 1.07129e+00
94 1.07972e+00 1.07931e+00
95 1.08256e+00 1.06998e+00
96 1.07368e+00 1.06475e+00
97 1.08034e+00 1.07270e+00
98 1.07698e+00 1.09598e+00
99 1.09232e+00 1.06443e+00
100 1.09095e+00 1.07364e+00
101 1.09698e+00 1.07677e+00
102 1.08243e+00 1.05578e+00
103 1.07731e+00 1.06331e+00
104 1.08424e+00 1.07488e+00
105 1.08314e+00 1.07480e+00
106 1.08395e+00 1.05863e+00
107 1.08989e+00 1.06685e+00
108 1.08386e+00 1.06215e+00
109 1.09676e+00 1.06138e+00
110 1.09209e+00 1.07395e+00
111 1.08182e+00 1.06672e+00
112 1.10360e+00 1.08884e+00
113 1.08572e+00 1.07420e+00
114 1.08537e+00 1.08084e+00
115 1.11285e+00 1.08998e+00
116 1.07947e+00 1.07637e+00
117 1.08733e+00 1.05876e+00
118 1.08538e+00 1.04654e+00
119 1.06373e+00 1.06979e+00
120 1.08658e+00 1.06650e+00
121 1.06854e+00 1.06099e+00
122 1.07982e+00 1.08441e+00
123 1.10054e+00 1.06762e+00
124 1.09052e+00 1.04828e+00
125 1.09098e+00 1.07626e+00
126 1.09845e+00 1.06255e+00
127 1.08222e+00 1.07180e+00
128 1.09094e+00 1.05123e+00
129 1.09800e+00 1.06754e+00
130 1.08894e+00 1.05531e+00
131 1.08422e+00 1.06949e+00
132 1.08757e+00 1.05796e+00
133 1.10213e+00 1.06366e+00
134 1.06782e+00 1.04073e+00
135 1.06302e+00 1.04148e+00
136 1.06716e+00 1.04506e+00
137 1.08077e+00 1.06702e+00
138 1.10163e+00 1.07505e+00
139 1.10454e+00 1.08283e+00
140 1.08765e+00 1.10061e+00
141 1.09193e+00 1.04399e+00
142 1.07090e+00 1.04573e+00
143 1.08987e+00 1.08025e+00
144 1.08998e+00 1.10475e+00
145 1.08835e+00 1.05916e+00
146 1.09303e+00 1.07246e+00
147 1.07972e+00 1.05401e+00
148 1.09255e+00 1.04110e+00
149 1.06457e+00 1.04240e+00
150 1.07360e+00 1.04510e+00
151 1.09688e+00 1.08047e+00
152 1.07811e+00 1.05598e+00
153 1.08215e+00 1.05764e+00
154 1.07830e+00 1.05960e+00
155 1.08912e+00 1.06350e+00
156 1.07941e+00 1.03593e+00
157 1.07492e+00 1.02895e+00
158 1.07473e+00 1.04670e+00
159 1.06513e+00 1.04897e+00
160 1.07502e+00 1.03246e+00
161 1.11119e+00 1.07246e+00
162 1.09054e+00 1.06263e+00
163 1.08847e+00 1.05256e+00
164 1.06217e+00 1.03403e+00
165 1.08221e+00 1.05802e+00
166 1.07840e+00 1.06270e+00
167 1.07955e+00 1.06006e+00
168 1.09332e+00 1.06850e+00
169 1.07947e+00 1.05244e+00
170 1.09593e+00 1.08033e+00
171 1.08502e+00 1.06066e+00
172 1.06242e+00 1.03721e+00
173 1.06577e+00 1.05915e+00
174 1.08900e+00 1.04388e+00
175 1.08045e+00 1.03380e+00
176 1.08019e+00 1.06728e+00
177 1.06232e+00 1.02890e+00
178 1.08120e+00 1.05813e+00
179 1.08799e+00 1.06413e+00
180 1.07173e+00 1.04647e+00
181 1.09557e+00 1.07335e+00
182 1.10057e+00 1.05856e+00
183 1.09229e+00 1.07069e+00
184 1.10085e+00 1.10082e+00
185 1.08331e+00 1.04955e+00
186 1.06663e+00 1.07057e+00
187 1.07173e+00 1.04214e+00
188 1.09070e+00 1.04825e+00
189 1.07404e+00 1.06601e+00
190 1.05584e+00 1.05225e+00
191 1.07762e+00 1.04050e+00
192 1.07109e+00 1.05272e+00
193 1.08504e+00 1.03216e+00
194 1.08578e+00 1.04325e+00
195 1.08309e+00 1.05657e+00
196 1.06831e+00 1.03798e+00
197 1.06787e+00 1.04104e+00
198 1.06488e+00 1.04284e+00
199 1.07717e+00 1.04952e+00
200 1.06691e+00 1.08257e+00
201 1.08949e+00 1.04497e+00
202 1.06188e+00 1.03764e+00
203 1.08174e+00 1.04682e+00
204 1.07152e+00 1.03457e+00
205 1.06462e+00 1.04025e+00
206 1.07611e+00 1.05152e+00
207 1.06157e+00 1.03189e+00
208 1.06836e+00 1.04073e+00
209 1.08944e+00 1.05564e+00
210 1.05693e+00 1.02245e+00
211 1.10279e+00 1.06841e+00
212 1.06735e+00 1.02903e+00
213 1.09150e+00 1.05983e+00
214 1.09073e+00 1.06136e+00
215 1.07066e+00 1.07985e+00
216 1.07768e+00 1.05084e+00
217 1.05698e+00 1.04378e+00
218 1.06516e+00 1.04835e+00
219 1.07578e+00 1.02289e+00
220 1.06892e+00 1.03532e+00
221 1.06161e+00 1.01829e+00
222 1.07502e+00 1.04057e+00
223 1.06373e+00 1.04787e+00
224 1.05666e+00 1.06699e+00
225 1.09413e+00 1.05997e+00
226 1.06564e+00 1.05437e+00
227 1.06137e+00 1.04751e+00
228 1.06188e+00 1.03578e+00
229 1.05737e+00 1.02525e+00
230 1.10063e+00 1.06515e+00
231 1.09044e+00 1.05076e+00
232 1.08528e+00 1.07344e+00
233 1.07540e+00 1.06859e+00
234 1.06882e+00 1.06411e+00
235 1.07420e+00 1.05964e+00
236 1.08944e+00 1.02365e+00
237 1.05497e+00 1.02044e+00
238 1.07414e+00 1.05523e+00
239 1.07692e+00 1.02137e+00
240 1.07754e+00 1.02891e+00
241 1.08953e+00 1.04286e+00
242 1.05758e+00 1.03047e+00
243 1.07525e+00 1.04619e+00
244 1.06152e+00 1.03011e+00
245 1.08797e+00 1.05305e+00
246 1.06700e+00 1.04500e+00
247 1.06137e+00 1.03628e+00
248 1.04570e+00 1.02561e+00
249 1.07853e+00 1.02591e+00
250 1.06302e+00 1.03722e+00
251 1.07650e+00 1.03369e+00
252 1.06869e+00 1.04127e+00
253 1.06154e+00 1.02206e+00
254 1.05120e+00 1.05858e+00
255 1.09331e+00 1.05875e+00
256 1.08018e+00 1.03374e+00
257 1.08925e+00 1.02469e+00
258 1.09370e+00 1.06277e+00
259 1.07764e+00 1.03757e+00
260 1.05274e+00 1.02602e+00
261 1.07994e+00 1.03105e+00
262 1.06412e+00 1.03565e+00
263 1.05140e+00 1.02130e+00
264 1.05729e+00 1.04129e+00
265 1.07114e+00 1.03148e+00
266 1.07678e+00 1.02872e+00
267 1.05644e+00 1.01438e+00
268 1.07291e+00 1.02913e+00
269 1.06018e+00 1.04836e+00
270 1.04152e+00 1.03380e+00
271 1.09074e+00 1.04776e+00
272 1.07548e+00 1.03201e+00
273 1.07673e+00 1.04112e+00
274 1.07589e+00 1.02860e+00
275 1.05086e+00 1.03206e+00
276 1.09207e+00 1.03799e+00
277 1.07422e+00 1.02926e+00
278 1.07183e+00 1.02948e+00
279 1.08106e+00 1.04534e+00
280 1.07825e+00 1.01720e+00
281 1.05746e+00 1.03989e+00
282 1.06092e+00 1.04825e+00
283 1.08976e+00 1.04524e+00
284 1.08002e+00 1.06087e+00
285 1.07538e+00 1.02918e+00
286 1.05110e+00 1.01588e+00
287 1.07724e+00 1.03088e+00
288 1.06825e+00 1.01800e+00
289 1.06224e+00 1.01497e+00
290 1.05746e+00 1.03253e+00
291 1.05518e+00 1.05811e+00
292 1.08011e+00 1.06044e+00
293 1.07095e+00 1.01796e+00
294 1.03896e+00 1.01369e+00
295 1.06974e+00 1.02425e+00
296 1.07777e+00 1.02820e+00
297 1.07530e+00 1.03898e+00
298 1.06406e+00 1.02544e+00
299 1.07882e+00 1.06932e+00
300 1.06941e+00 1.04450e+00
301 1.05536e+00 1.01380e+00
302 1.05753e+00 1.02820e+00
303 1.06610e+00 1.02976e+00
304 1.04341e+00 1.02400e+00
305 1.04815e+00 1.02229e+00
306 1.04730e+00 1.01688e+00
307 1.03933e+00 1.01582e+00
308 1.07624e+00 1.03426e+00
309 1.06274e+00 1.03406e+00
310 1.06353e+00 1.02352e+00
311 1.06654e+00 1.04448e+00
312 1.07599e+00 1.06124e+00
313 1.07144e+00 1.02436e+00
314 1.06286e+00 1.01670e+00
315 1.05667e+00 1.02546e+00
316 1.06863e+00 1.02342e+00
317 1.04217e+00 1.01970e+00
318 1.06358e+00 1.02453e+00
319 1.04122e+00 9.93908e-01
320 1.06170e+00 1.00097e+00
321 1.06621e+00 1.02348e+00
322 1.04515e+00 1.01270e+00
323 1.05500e+00 1.02258e+00
324 1.07679e+00 1.01835e+00
325 1.07070e+00 1.01048e+00
326 1.07079e+00 1.01401e+00
327 1.06482e+00 1.03024e+00
328 1.05109e+00 1.03573e+00
329 1.06783e+00 1.03899e+00
330 1.07056e+00 1.01253e+00
331 1.04300e+00 1.02860e+00
332 1.05770e+00 1.00897e+00
333 1.05958e+00 1.02200e+00
334 1.04983e+00 9.99891e-01
335 1.05514e+00 1.00254e+00
336 1.04322e+00 1.02719e+00
337 1.06420e+00 1.00649e+00
338 1.04047e+00 1.03224e+00
339 1.07105e+00 1.03697e+00
340 1.06110e+00 1.00752e+00
341 1.03657e+00 1.00289e+00
342 1.05299e+00 1.01846e+00
343 1.05857e+00 1.04503e+00
344 1.06605e+00 1.00887e+00
345 1.07451e+00 1.01788e+00
346 1.06092e+00 1.01935e+00
347 1.04443e+00 1.00181e+00
348 1.05093e+00 1.02246e+00
349 1.07892e+00 1.02451e+00
350 1.05657e+00 1.01578e+00
351 1.06155e+00 1.02802e+00
352 1.08548e+00 1.01995e+00
353 1.05394e+00 1.02569e+00
354 1.05147e+00 1.01929e+00
355 1.05182e+00 1.01388e+00
356 1.05773e+00 1.01686e+00
357 1.06420e+00 1.00256e+00
358 1.05707e+00 1.02630e+00
359 1.08734e+00 1.03593e+00
360 1.09115e+00 1.04336e+00
361 1.09189e+00 1.02977e+00
362 1.08253e+00 1.02707e+00
363 1.06228e+00 1.01074e+00
364 1.07518e+00 9.97793e-01
365 1.06908e+00 9.98791e-01
366 1.07176e+00 1.02095e+00
367 1.08334e+00 1.01311e+00
368 1.09794e+00 1.03412e+00
369 1.07983e+00 1.03016e+00
370 1.06509e+00 1.01312e+00
371 1.07189e+00 1.01729e+00
372 1.07195e+00 1.02022e+00
373 1.05878e+00 1.00942e+00
374 1.06335e+00 9.98493e-01
375 1.07124e+00 1.02892e+00
376 1.06587e+00 1.02688e+00
377 1.07410e+00 1.02492e+00
378 1.06708e+00 1.00398e+00
379 1.04864e+00 1.02214e+00
380 1.06089e+00 1.01342e+00
381 1.06979e+00 1.01078e+00
382 1.08015e+00 1.05189e+00
383 1.05123e+00 1.00973e+00
384 1.05673e+00 1.02656e+00
385 1.05766e+00 1.04072e+00
386 1.08853e+00 1.02039e+00
387 1.04548e+00 9.98895e-01
388 1.06379e+00 1.01884e+00
389 1.05470e+00 1.01878e+00
390 1.06531e+00 9.99033e-01
391 1.04753e+00 1.02020e+00
392 1.06037e+00 1.00951e+00
393 1.06703e+00 1.02312e+00
394 1.05972e+00 1.01570e+00
395 1.05110e+00 1.01940e+00
396 1.04423e+00 1.00385e+00
397 1.05786e+00 9.95711e-01
398 1.06294e+00 1.00357e+00
399 1.06225e+00 1.01932e+00
400 1.06681e+00 1.02690e+00
401 1.05813e+00 1.01383e+00
402 1.04270e+00 1.01383e+00
403 1.05820e+00 9.96701e-01
404 1.07538e+00 9.97999e-01
405 1.05544e+00 1.02323e+00
406 1.05080e+00 1.01069e+00
407 1.07386e+00 1.03027e+00
408 1.06405e+00 1.02383e+00
409 1.06478e+00 1.00890e+00
410 1.07566e+00 1.01053e+00
411 1.05529e+00 1.01970e+00
412 1.05587e+00 1.07681e+00
413 1.09780e+00 1.00683e+00
414 1.06918e+00 1.01428e+00
415 1.06465e+00 1.02180e+00
416 1.06559e+00 1.00298e+00
417 1.05473e+00 1.00062e+00
418 1.05351e+00 1.01439e+00
419 1.04813e+00 1.03527e+00
420 1.08903e+00 1.01377e+00
421 1.07995e+00 1.04069e+00
422 1.07109e+00 1.00109e+00
423 1.07019e+00 1.00864e+00
424 1.05940e+00 1.01432e+00
425 1.05706e+00 1.00289e+00
426 1.04910e+00 1.00096e+00
427 1.04654e+00 1.02896e+00
428 1.06884e+00 1.01631e+00
429 1.06288e+00 1.02293e+00
430 1.05676e+00 1.02458e+00
431 1.05809e+00 1.00988e+00
432 1.05723e+00 1.00291e+00
433 1.06174e+00 1.01004e+00
434 1.04979e+00 1.02167e+00
435 1.06917e+00 1.02202e+00
436 1.06246e+00 1.02317e+00
437 1.06142e+00 1.00663e+00
438 1.06562e+00 1.02083e+00
439 1.05352e+00 9.96896e-01
440 1.06155e+00 1.01640e+00
441 1.07408e+00 1.02518e+00
442 1.06848e+00 1.01784e+00
443 1.07940e+00 1.00308e+00
444 1.05458e+00 9.97752e-01
445 1.06707e+00 1.03107e+00
446 1.06669e+00 1.03060e+00
447 1.07394e+00 1.02417e+00
448 1.04017e+00 9.86796e-01
449 1.05836e+00 1.02659e+00
450 1.05985e+00 1.02625e+00
451 1.05979e+00 1.00369e+00
452 1.06529e+00 1.01077e+00
453 1.06277e+00 1.02628e+00
454 1.04626e+00 1.02369e+00
455 1.06604e+00 1.00916e+00
456 1.05085e+00 1.00267e+00
457 1.06928e+00 1.01200e+00
458 1.04877e+00 1.00352e+00
459 1.07498e+00 1.02514e+00
460 1.03702e+00 1.00344e+00
461 1.05425e+00 1.02902e+00
462 1.05608e+00 1.01380e+00
463 1.04959e+00 1.02668e+00
464 1.05749e+00 1.00655e+00
465 1.02931e+00 9.90875e-01
466 1.04703e+00 1.00688e+00
467 1.05846e+00 1.04360e+00
468 1.05954e+00 1.01908e+00
469 1.06363e+00 1.00233e+00
470 1.05403e+00 1.02048e+00
471 1.05143e+00 1.01670e+00
472 1.06351e+00 1.01617e+00
473 1.03940e+00 9.93985e-01
474 1.04661e+00 1.00125e+00
475 1.06421e+00 1.03329e+00
476 1.04504e+00 1.00150e+00
477 1.06561e+00 1.00419e+00
478 1.06360e+00 1.00592e+00
479 1.03583e+00 1.00168e+00
480 1.05550e+00 1.00382e+00
481 1.04058e+00 1.01348e+00
482 1.04641e+00 9.93176e-01
483 1.04009e+00 1.00463e+00
484 1.07096e+00 9.98408e-01
485 1.05507e+00 1.01784e+00
486 1.03892e+00 9.96872e-01
487 1.04649e+00 9.93955e-01
488 1.05031e+00 1.00912e+00
489 1.03361e+00 9.93544e-01
490 1.06652e+00 9.89187e-01
491 1.06152e+00 1.02045e+00
492 1.05168e+00 1.00326e+00
493 1.03526e+00 1.00175e+00
494 1.06909e+00 1.04874e+00
495 1.06085e+00 1.00792e+00
496 1.04496e+00 1.02646e+00
497 1.06288e+00 1.00251e+00
498 1.04275e+00 9.94844e-01
499 1.03788e+00 9.87126e-01
500 1.06178e+00 1.00263e+00
501 1.04101e+00 1.00007e+00
502 1.04873e+00 1.02082e+00
503 1.05049e+00 1.00505e+00
504 1.04035e+00 1.00376e+00
505 1.03169e+00 9.88144e-01
506 1.06840e+00 1.00590e+00
507 1.04847e+00 1.00843e+00
508 1.06313e+00 1.02695e+00
509 1.05807e+00 1.02873e+00
510 1.06990e+00 1.00553e+00
511 1.05240e+00 1.00143e+00
512 1.04413e+00 9.98770e-01
513 1.04981e+00 9.94233e-01
514 1.04678e+00 1.01174e+00
515 1.04470e+00 1.00321e+00
516 1.05007e+00 9.98472e-01
517 1.04514e+00 1.00784e+00
518 1.03413e+00 9.75221e-01
519 1.05362e+00 1.00494e+00
520 1.05847e+00 1.00740e+00
521 1.03774e+00 1.01151e+00
522 1.03929e+00 9.91570e-01
523 1.04066e+00 9.85865e-01
524 1.04901e+00 1.01563e+00
525 1.03716e+00 9.94949e-01
526 1.07398e+00 1.01081e+00
527 1.05371e+00 1.01034e+00
528 1.05838e+00 1.01204e+00
529 1.05354e+00 1.00379e+00
530 1.03571e+00 1.00136e+00
531 1.04183e+00 9.99689e-01
532 1.04089e+00 9.90051e-01
533 1.04610e+00 1.00241e+00
534 1.04523e+00 1.02342e+00
535 1.06377e+00 1.00094e+00
536 1.04024e+00 1.00338e+00
537 1.04248e+00 9.93707e-01
538 1.03634e+00 9.97331e-01
539 1.05716e+00 1.01286e+00
540 1.04663e+00 9.98989e-01
541 1.03063e+00 9.99393e-01
542 1.05131e+00 9.87486e-01
543 1.03135e+00 9.96971e-01
544 1.04152e+00 9.96522e-01
545 1.04590e+00 1.00725e+00
546 1.04527e+00 9.96015e-01
547 1.03935e+00 1.00914e+00
548 1.05078e+00 1.01081e+00
549 1.04872e+00 9.95113e-01
550 1.04692e+00 9.81635e-01
551 1.05459e+00 9.89351e-01
552 1.04567e+00 1.02815e+00
553 1.05698e+00 1.02503e+00
554 1.07073e+00 1.01241e+00
555 1.04572e+00 9.98720e-01
556 1.04955e+00 9.97783e-01
557 1.02436e+00 9.97852e-01
558 1.06808e+00 1.03466e+00
559 1.10130e+00 1.00424e+00
560 1.07350e+00 1.02220e+00
561 1.09056e+00 1.00446e+00
562 1.05668e+00 1.02721e+00
563 1.03175e+00 9.86482e-01
564 1.04646e+00 1.00164e+00
565 1.05140e+00 1.02480e+00
566 1.05655e+00 1.00511e+00
567 1.02994e+00 1.01023e+00
568 1.04948e+00 9.84334e-01
569 1.05665e+00 1.01910e+00
570 1.04166e+00 1.00206e+00
571 1.03292e+00 9.96862e-01
572 1.05007e+00 1.00409e+00
573 1.04045e+00 9.85862e-01
574 1.04292e+00 9.90945e-01
575 1.04941e+00 1.00073e+00
576 1.05085e+00 9.99463e-01
577 1.08627e+00 1.03207e+00
578 1.07497e+00 1.00011e+00
579 1.04859e+00 9.96972e-01
580 1.04123e+00 9.99919e-01
581 1.05207e+00 1.01029e+00
582 1.06362e+00 1.00019e+00
583 1.03364e+00 1.00722e+00
584 1.05322e+00 9.86375e-01
585 1.05884e+00 1.02156e+00
586 1.05115e+00 1.01113e+00
587 1.04762e+00 1.01117e+00
588 1.03860e+00 9.98467e-01
589 1.06137e+00 9.90801e-01
590 1.05743e+00 1.00324e+00
591 1.04266e+00 9.94607e-01
592 1.03444e+00 9.95550e-01
593 1.05855e+00 1.00444e+00
594 1.03424e+00 1.00399e+00
595 1.04527e+00 1.00901e+00
596 1.03982e+00 1.01340e+00
597 1.05961e+00 1.00935e+00
598 1.04918e+00 9.94786e-01
599 1.04323e+00 1.02058e+00
600 1.03200e+00 9.93585e-01
601 1.06699e+00 1.02590e+00
602 1.06662e+00 1.02361e+00
603 1.04673e+00 9.90079e-01
604 1.06214e+00 1.00698e+00
605 1.05205e+00 1.01892e+00
606 1.06382e+00 1.02507e+00
607 1.03581e+00 9.84263e-01
608 1.05235e+00 9.99401e-01
609 1.02389e+00 9.92486e-01
610 1.04268e+00 9.99916e-01
611 1.07061e+00 9.88085e-01
612 1.04568e+00 9.98131e-01
613 1.07035e+00 1.01483e+00
614 1.04246e+00 9.98503e-01
615 1.06855e+00 1.01777e+00
616 1.08008e+00 1.03890e+00
617 1.08346e+00 1.00199e+00
618 1.07306e+00 1.04040e+00
619 1.09104e+00 1.00972e+00
620 1.04348e+00 1.00018e+00
621 1.06864e+00 1.01487e+00
622 1.03829e+00 9.95609e-01
623 1.05384e+00 9.91458e-01
624 1.07595e+00 1.04776e+00
625 1.07049e+00 1.00512e+00
626 1.05582e+00 1.01452e+00
627 1.04896e+00 1.01432e+00
628 1.05343e+00 9.91671e-01
629 1.07054e+00 1.00825e+00
630 1.02867e+00 1.01280e+00
631 1.05042e+00 9.90246e-01
632 1.07082e+00 1.00508e+00
633 1.05515e+00 1.00596e+00
634 1.03288e+00 9.98870e-01
635 1.06004e+00 1.00809e+00
636 1.03694e+00 9.91499e-01
637 1.05573e+00 9.92947e-01
638 1.04795e+00 1.00027e+00
639 1.05010e+00 1.00275e+00
640 1.04870e+00 9.97025e-01
641 1.04965e+00 1.00752e+00
642 1.04814e+00 1.01917e+00
643 1.05357e+00 1.00016e+00
644 1.06721e+00 9.87094e-01
645 1.05017e+00 9.93101e-01
646 1.04331e+00 1.01004e+00
647 1.05205e+00 1.04734e+00
648 1.07315e+00 9.97031e-01
649 1.05010e+00 1.00589e+00
650 1.04576e+00 1.00411e+00
651 1.05694e+00 1.00063e+00
652 1.06275e+00 9.93232e-01
653 1.04405e+00 1.00779e+00
654 1.05365e+00 1.01296e+00
655 1.05108e+00 1.00585e+00
656 1.03353e+00 1.00150e+00
657 1.03641e+00 1.01892e+00
658 1.05531e+00 9.99460e-01
659 1.05085e+00 1.03752e+00
660 1.05156e+00 1.01129e+00
661 1.02891e+00 1.00766e+00
662 1.04040e+00 9.82189e-01
663 1.05038e+00 1.01839e+00
664 1.03905e+00 1.01429e+00
665 1.03863e+00 1.01204e+00
666 1.05193e+00 1.02437e+00
667 1.06067e+00 1.01593e+00
668 1.04453e+00 1.00459e+00
669 1.05366e+00 1.00808e+00
670 1.03706e+00 9.95436e-01
671 1.04570e+00 9.82584e-01
672 1.04189e+00 1.00534e+00
673 1.03587e+00 9.84368e-01
674 1.03693e+00 9.97408e-01
675 1.05066e+00 9.92440e-01
676 1.07660e+00 1.02116e+00
677 1.04975e+00 9.90711e-01
678 1.03004e+00 9.96125e-01
679 1.05200e+00 9.93664e-01
680 1.04907e+00 9.86586e-01
681 1.03458e+00 9.91001e-01
682 1.02929e+00 1.00468e+00
683 1.04736e+00 1.00821e+00
684 1.04397e+00 1.00866e+00
685 1.05540e+00 9.98517e-01
686 1.06330e+00 1.00503e+00
687 1.03541e+00 9.94348e-01
688 1.02802e+00 1.02334e+00
689 1.05397e+00 1.01674e+00
690 1.04973e+00 9.94503e-01
691 1.03864e+00 1.00574e+00
692 1.05412e+00 9.86417e-01
693 1.04661e+00 1.01070e+00
694 1.04825e+00 9.84334e-01
695 1.05031e+00 9.92942e-01
696 1.05805e+00 1.01654e+00
697 1.07161e+00 9.96365e-01
698 1.09551e+00 1.01275e+00
699 1.06695e+00 1.01357e+00
700 1.04043e+00 1.00933e+00
701 1.06218e+00 1.01238e+00
702 1.07578e+00 1.04074e+00
703 1.06443e+00 1.00258e+00
704 1.05179e+00 1.00805e+00
705 1.05849e+00 1.00706e+00
706 1.02404e+00 1.03033e+00
707 1.04620e+00 9.80052e-01
708 1.08452e+00 1.00224e+00
709 1.06438e+00 1.01328e+00
710 1.05816e+00 9.85164e-01
711 1.03754e+00 9.89972e-01
712 1.04043e+00 9.90212e-01
713 1.04502e+00 9.97100e-01
714 1.04874e+00 1.00951e+00
715 1.03173e+00 1.00915e+00
716 1.06022e+00 1.01971e+00
717 1.05525e+00 1.01308e+00
718 1.06596e+00 9.98323e-01
719 1.05819e+00 9.89162e-01
720 1.04886e+00 9.96847e-01
721 1.03559e+00 9.97351e-01
722 1.03546e+00 1.01414e+00
723 1.04992e+00 1.03078e+00
724 1.06520e+00 1.00330e+00
725 1.05131e+00 9.91977e-01
726 1.01920e+00 1.00360e+00
727 1.06213e+00 1.00213e+00
728 1.04350e+00 1.01876e+00
729 1.04322e+00 9.92305e-01
730 1.04101e+00 9.67974e-01
731 1.03998e+00 1.01778e+00
732 1.06099e+00 9.85244e-01
733 1.12630e+00 1.05013e+00
734 1.13857e+00 1.01317e+00
735 1.10656e+00 1.07064e+00
736 1.12943e+00 1.00655e+00
737 1.12079e+00 1.00451e+00
738 1.12752e+00 1.03515e+00
739 1.12480e+00 1.02994e+00
740 1.11221e+00 1.02964e+00
741 1.09995e+00 1.01422e+00
742 1.07903e+00 1.01197e+00
743 1.09510e+00 1.03487e+00
744 1.08087e+00 1.03059e+00
745 1.08240e+00 9.99517e-01
746 1.06790e+00 9.99039e-01
747 1.07839e+00 1.01621e+00
748 1.05488e+00 9.98764e-01
749 1.07524e+00 1.01472e+00
750 1.06862e+00 9.82771e-01
751 1.04937e+00 9.89046e-01
752 1.05688e+00 1.01142e+00
753 1.04538e+00 9.98418e-01
754 1.06285e+00 1.02599e+00
755 1.05641e+00 9.94529e-01
756 1.03024e+00 9.86370e-01
757 1.06724e+00 1.02016e+00
758 1.05169e+00 9.94005e-01
759 1.06484e+00 9.93616e-01
760 1.07901e+00 1.02775e+00
761 1.06284e+00 9.99143e-01
762 1.03394e+00 1.00275e+00
763 1.06620e+00 1.01001e+00
764 1.04088e+00 9.82209e-01
765 1.02548e+00 9.88601e-01
766 1.05098e+00 1.00043e+00
767 1.07153e+00 1.02081e+00
768 1.07098e+00 9.99360e-01
769 1.06249e+00 1.00291e+00
770 1.04924e+00 1.03108e+00
771 1.07662e+00 1.00822e+00
772 1.03035e+00 1.00088e+00
773 1.04869e+00 1.00459e+00
774 1.05832e+00 9.96837e-01
775 1.05858e+00 1.00387e+00
776 1.08080e+00 1.03419e+00
777 1.06162e+00 1.01509e+00
778 1.04866e+00 1.00921e+00
779 1.02850e+00 9.97641e-01
780 1.03525e+00 9.95016e-01
781 1.03494e+00 9.97010e-01
782 1.05356e+00 1.00095e+00
783 1.05392e+00 1.00515e+00
784 1.05736e+00 1.00542e+00
785 1.05758e+00 9.98665e-01
786 1.05094e+00 9.99932e-01
787 1.04728e+00 1.01188e+00
788 1.05094e+00 1.02756e+00
789 1.04019e+00 9.95034e-01
790 1.05138e+00 9.98590e-01
791 1.05512e+00 1.00484e+00
792 1.01590e+00 9.86249e-01
793 1.03860e+00 9.95007e-01
794 1.04415e+00 9.81621e-01
795 1.04858e+00 1.00137e+00
796 1.02665e+00 9.78784e-01
797 1.04567e+00 1.00449e+00
798 1.04724e+00 9.95621e-01
799 1.06298e+00 1.00397e+00
800 1.04050e+00 1.00351e+00
801 1.01969e+00 9.82932e-01
802 1.05584e+00 9.92819e-01
803 1.05391e+00 9.84837e-01
804 1.05370e+00 1.01197e+00
805 1.03556e+00 1.01901e+00
806 1.01902e+00 9.80424e-01
807 1.02735e+00 9.85841e-01
808 1.01542e+00 1.01677e+00
809 1.06683e+00 1.00562e+00
810 1.03497e+00 9.85485e-01
811 1.04432e+00 9.88954e-01
812 1.02620e+00 1.00099e+00
813 1.04699e+00 1.00024e+00
814 1.04062e+00 1.00005e+00
815 1.02489e+00 1.00911e+00
816 1.04569e+00 1.01614e+00
817 1.04865e+00 9.92088e-01
818 1.02359e+00 9.97771e-01
819 1.04328e+00 1.01846e+00
820 1.04985e+00 1.00225e+00
821 1.02785e+00 1.00205e+00
822 1.02581e+00 1.00317e+00
823 1.05050e+00 1.01109e+00
824 1.05321e+00 1.00687e+00
825 1.04682e+00 9.95163e-01
826 1.04710e+00 1.00210e+00
827 1.04442e+00 9.91178e-01
828 1.04543e+00 9.92999e-01
829 1.03527e+00 9.92458e-01
830 1.05901e+00 1.02217e+00
831 1.04579e+00 9.89096e-01
832 1.02918e+00 9.93922e-01
833 1.01637e+00 9.78854e-01
834 1.07130e+00 1.01037e+00
835 1.04981e+00 9.96431e-01
836 1.03934e+00 1.02390e+00
837 1.03376e+00 1.00239e+00
838 1.05377e+00 1.02291e+00
839 1.06578e+00 1.03297e+00
840 1.05139e+00 9.91612e-01
841 1.06850e+00 1.01956e+00
842 1.07961e+00 1.02283e+00
843 1.06460e+00 1.00191e+00
844 1.06749e+00 1.01398e+00
845 1.05020e+00 1.01022e+00
846 1.06483e+00 1.02239e+00
847 1.05584e+00 1.00215e+00
848 1.01579e+00 9.81928e-01
849 1.04753e+00 9.86364e-01
850 1.02359e+00 9.94097e-01
851 1.05964e+00 9.93645e-01
852 1.03932e+00 9.92580e-01
853 1.03065e+00 1.00075e+00
854 1.05805e+00 1.02240e+00
855 1.06164e+00 1.00266e+00
856 1.04002e+00 1.02247e+00
857 1.05723e+00 9.92407e-01
858 1.04847e+00 9.92745e-01
859 1.04916e+00 1.02078e+00
860 1.05805e+00 1.01737e+00
861 1.03915e+00 9.91801e-01
862 1.04619e+00 9.97785e-01
863 1.01218e+00 9.80163e-01
864 1.06190e+00 1.00882e+00
865 1.06145e+00 1.00625e+00
866 1.03158e+00 9.78211e-01
867 1.03930e+00 9.88627e-01
868 1.03911e+00 1.00755e+00
869 1.07164e+00 1.01993e+00
870 1.06524e+00 1.00134e+00
871 1.04765e+00 9.85214e-01
872 1.05544e+00 1.00740e+00
873 1.05268e+00 1.00844e+00
874 1.06020e+00 1.00801e+00
875 1.07369e+00 1.00969e+00
876 1.05261e+00 1.01488e+00
877 1.04242e+00 9.89085e-01
878 1.04213e+00 1.00578e+00
879 1.03162e+00 9.92332e-01
880 1.03670e+00 1.00648e+00
881 1.03686e+00 1.00570e+00
882 1.04012e+00 9.96106e-01
883 1.03201e+00 1.01781e+00
884 1.05633e+00 9.88548e-01
885 1.02252e+00 9.75604e-01
886 1.03171e+00 9.92671e-01
887 1.02339e+00 9.95297e-01
888 1.04713e+00 9.86063e-01
889 1.02726e+00 1.00723e+00
890 1.04619e+00 9.93645e-01
891 1.04223e+00 9.98051e-01
892 1.05182e+00 1.02121e+00
893 1.05108e+00 9.84982e-01
894 1.01586e+00 9.77661e-01
895 1.02792e+00 1.02177e+00
896 1.04032e+00 9.88182e-01
897 1.02675e+00 9.91584e-01
898 1.05775e+00 9.86624e-01
899 1.03827e+00 9.80188e-01
900 1.04566e+00 9.92612e-01
901 1.03932e+00 1.00004e+00
902 1.02347e+00 9.85068e-01
903 1.02263e+00 9.90980e-01
904 1.04211e+00 9.98279e-01
905 1.05243e+00 1.00034e+00
906 1.04867e+00 9.84172e-01
907 1.05589e+00 9.95672e-01
908 1.06340e+00 1.00465e+00
909 1.03294e+00 9.90833e-01
910 1.02225e+00 9.90953e-01
911 1.03553e+00 9.76103e-01
912 1.05943e+00 1.01439e+00
913 1.03767e+00 1.00287e+00
914 1.05669e+00 1.02541e+00
915 1.03514e+00 1.00009e+00
916 1.05574e+00 9.94976e-01
917 1.05754e+00 9.95960e-01
918 1.02327e+00 9.91186e-01
919 1.05192e+00 9.96866e-01
920 1.04206e+00 1.01182e+00
921 1.05141e+00 9.83371e-01
922 1.02365e+00 9.93631e-01
923 1.02427e+00 9.83529e-01
924 1.02879e+00 1.00633e+00
925 1.04500e+00 9.94887e-01
926 1.03765e+00 9.78472e-01
927 1.04058e+00 1.01737e+00
928 1.02651e+00 9.85318e-01
929 1.06501e+00 1.00750e+00
930 1.05349e+00 9.94840e-01
931 1.04444e+00 9.90787e-01
932 1.04344e+00 9.77527e-01
933 1.05013e+00 9.90334e-01
934 1.04763e+00 9.92203e-01
935 1.04791e+00 9.99243e-01
936 1.06769e+00 1.00696e+00
937 1.01984e+00 9.89375e-01
938 1.09573e+00 1.02710e+00
939 1.04484e+00 9.95971e-01
940 1.04822e+00 1.00277e+00
941 1.02138e+00 9.88757e-01
942 1.06421e+00 1.01490e+00
943 1.04620e+00 1.00589e+00
944 1.05906e+00 1.02470e+00
945 1.06152e+00 9.91604e-01
946 1.06669e+00 9.97214e-01
947 1.05282e+00 9.98063e-01
948 1.02681e+00 9.83499e-01
949 1.05499e+00 9.98122e-01
950 1.05296e+00 1.01019e+00
951 1.02781e+00 9.89143e-01
952 1.04172e+00 9.97483e-01
953 1.03838e+00 9.97347e-01
954 1.03967e+00 1.00895e+00
955 1.03424e+00 9.95273e-01
956 1.05602e+00 9.99588e-01
957 1.04572e+00 9.79811e-01
958 1.02750e+00 9.95250e-01
959 1.03010e+00 1.00653e+00
960 1.04663e+00 9.84568e-01
961 1.01495e+00 1.00971e+00
962 1.04463e+00 9.87949e-01
963 1.01513e+00 9.79019e-01
964 1.04787e+00 9.96886e-01
965 1.05169e+00 1.00189e+00
966 1.02924e+00 1.00358e+00
967 1.03290e+00 1.02412e+00
968 1.05790e+00 9.91020e-01
969 1.05525e+00 1.01446e+00
970 1.03783e+00 9.87302e-01
971 1.05911e+00 9.92553e-01
972 1.05157e+00 9.87705e-01
973 1.03317e+00 9.82440e-01
974 1.01470e+00 9.90576e-01
975 1.01661e+00 9.82449e-01
976 1.03820e+00 9.77079e-01
977 1.03150e+00 9.93336e-01
978 1.05605e+00 9.84678e-01
979 1.02943e+00 9.96203e-01
980 1.04085e+00 1.00796e+00
981 1.03574e+00 9.88464e-01
982 1.02470e+00 9.91054e-01
983 1.04123e+00 1.00007e+00
984 1.03165e+00 9.79468e-01
985 1.02749e+00 9.96775e-01
986 1.04550e+00 9.83088e-01
987 1.00865e+00 1.01384e+00
988 1.02852e+00 9.84893e-01
989 1.03143e+00 9.78142e-01
990 1.02999e+00 9.95939e-01
991 1.02755e+00 9.84720e-01
992 1.03373e+00 9.83013e-01
993 1.01043e+00 1.00314e+00
994 1.03060e+00 9.96096e-01
995 1.03090e+00 9.93678e-01
996 1.03963e+00 1.00428e+00
997 1.04249e+00 1.00355e+00
998 1.01475e+00 9.92272e-01
999 1.05488e+00 9.90509e-01
