training dataset: fesc_test
seed = 5
umFeatures = 7
Feature List: SFRs, Mstars, masses, redshifts, fgases, min_dist, t_lookback
fluxSize = 4
batch_size = 256
epochs     = 1000
0 epoch  1 train loss  2 test loss
0 1.41211e+00 1.35962e+00
1 1.32617e+00 1.31621e+00
2 1.30099e+00 1.30245e+00
3 1.28681e+00 1.29833e+00
4 1.28591e+00 1.29377e+00
5 1.28108e+00 1.28811e+00
6 1.28278e+00 1.28458e+00
7 1.26979e+00 1.27340e+00
8 1.26526e+00 1.27390e+00
9 1.26193e+00 1.26592e+00
10 1.25234e+00 1.25346e+00
11 1.24325e+00 1.24134e+00
12 1.24214e+00 1.23424e+00
13 1.23844e+00 1.21663e+00
14 1.22393e+00 1.20185e+00
15 1.21996e+00 1.19108e+00
16 1.20091e+00 1.17967e+00
17 1.21282e+00 1.17917e+00
18 1.19518e+00 1.18042e+00
19 1.19601e+00 1.16918e+00
20 1.19472e+00 1.16446e+00
21 1.19098e+00 1.16432e+00
22 1.18651e+00 1.17720e+00
23 1.17788e+00 1.16149e+00
24 1.17210e+00 1.16366e+00
25 1.16528e+00 1.15712e+00
26 1.17227e+00 1.15384e+00
27 1.15771e+00 1.15077e+00
28 1.16904e+00 1.14795e+00
29 1.17510e+00 1.14704e+00
30 1.16623e+00 1.16030e+00
31 1.16554e+00 1.13588e+00
32 1.14477e+00 1.13762e+00
33 1.15164e+00 1.13436e+00
34 1.15781e+00 1.13603e+00
35 1.15959e+00 1.13456e+00
36 1.16391e+00 1.13768e+00
37 1.14218e+00 1.13386e+00
38 1.14446e+00 1.13580e+00
39 1.14926e+00 1.12901e+00
40 1.15139e+00 1.13714e+00
41 1.13818e+00 1.12373e+00
42 1.13464e+00 1.13246e+00
43 1.14534e+00 1.12266e+00
44 1.14005e+00 1.11640e+00
45 1.14968e+00 1.11988e+00
46 1.14733e+00 1.11551e+00
47 1.13922e+00 1.11961e+00
48 1.13770e+00 1.11572e+00
49 1.14894e+00 1.11772e+00
50 1.13427e+00 1.10822e+00
51 1.13007e+00 1.10488e+00
52 1.12854e+00 1.10682e+00
53 1.13976e+00 1.10947e+00
54 1.14087e+00 1.09693e+00
55 1.11861e+00 1.09743e+00
56 1.12443e+00 1.09908e+00
57 1.12580e+00 1.09831e+00
58 1.14244e+00 1.10102e+00
59 1.13345e+00 1.09661e+00
60 1.12039e+00 1.09360e+00
61 1.12076e+00 1.09058e+00
62 1.13056e+00 1.09238e+00
63 1.12437e+00 1.09302e+00
64 1.12150e+00 1.09053e+00
65 1.11387e+00 1.08770e+00
66 1.12028e+00 1.09272e+00
67 1.12034e+00 1.08792e+00
68 1.11061e+00 1.09559e+00
69 1.10106e+00 1.08418e+00
70 1.11769e+00 1.08355e+00
71 1.13658e+00 1.09030e+00
72 1.11629e+00 1.08664e+00
73 1.11672e+00 1.08129e+00
74 1.10044e+00 1.07784e+00
75 1.11359e+00 1.07931e+00
76 1.11085e+00 1.07780e+00
77 1.10352e+00 1.07586e+00
78 1.10171e+00 1.07777e+00
79 1.10953e+00 1.08009e+00
80 1.11110e+00 1.07613e+00
81 1.11412e+00 1.08222e+00
82 1.11166e+00 1.08078e+00
83 1.09989e+00 1.07411e+00
84 1.09841e+00 1.07474e+00
85 1.10380e+00 1.07534e+00
86 1.09108e+00 1.07397e+00
87 1.10442e+00 1.07551e+00
88 1.11116e+00 1.07419e+00
89 1.10387e+00 1.07232e+00
90 1.10199e+00 1.07027e+00
91 1.07905e+00 1.06782e+00
92 1.10240e+00 1.07502e+00
93 1.08190e+00 1.06874e+00
94 1.09979e+00 1.07946e+00
95 1.10567e+00 1.07043e+00
96 1.09390e+00 1.06771e+00
97 1.08310e+00 1.06730e+00
98 1.09633e+00 1.06828e+00
99 1.10144e+00 1.06576e+00
100 1.09893e+00 1.07210e+00
101 1.10816e+00 1.06962e+00
102 1.09235e+00 1.06328e+00
103 1.09124e+00 1.06272e+00
104 1.09085e+00 1.06399e+00
105 1.08274e+00 1.06114e+00
106 1.08985e+00 1.05970e+00
107 1.09736e+00 1.06157e+00
108 1.10286e+00 1.06119e+00
109 1.09959e+00 1.06281e+00
110 1.09460e+00 1.06494e+00
111 1.08772e+00 1.06320e+00
112 1.08608e+00 1.06229e+00
113 1.08245e+00 1.05930e+00
114 1.08604e+00 1.05906e+00
115 1.07936e+00 1.05637e+00
116 1.08855e+00 1.05741e+00
117 1.08930e+00 1.05969e+00
118 1.08336e+00 1.05775e+00
119 1.08496e+00 1.05767e+00
120 1.08316e+00 1.05618e+00
121 1.08516e+00 1.05476e+00
122 1.07808e+00 1.05583e+00
123 1.08659e+00 1.05610e+00
124 1.07154e+00 1.05480e+00
125 1.07951e+00 1.05420e+00
126 1.08241e+00 1.05602e+00
127 1.08001e+00 1.05453e+00
128 1.08524e+00 1.05532e+00
129 1.08596e+00 1.05523e+00
130 1.08347e+00 1.05406e+00
131 1.07605e+00 1.05382e+00
132 1.06858e+00 1.05101e+00
133 1.07303e+00 1.05087e+00
134 1.08719e+00 1.05360e+00
135 1.07774e+00 1.04966e+00
136 1.07756e+00 1.05196e+00
137 1.08551e+00 1.05364e+00
138 1.07308e+00 1.05346e+00
139 1.09173e+00 1.05292e+00
140 1.09456e+00 1.05671e+00
141 1.08128e+00 1.05121e+00
142 1.08399e+00 1.05335e+00
143 1.07929e+00 1.05089e+00
144 1.07493e+00 1.05262e+00
145 1.08203e+00 1.05378e+00
146 1.07141e+00 1.05066e+00
147 1.07833e+00 1.05359e+00
148 1.07275e+00 1.05138e+00
149 1.06927e+00 1.04891e+00
150 1.07634e+00 1.04822e+00
151 1.07911e+00 1.04790e+00
152 1.08010e+00 1.04924e+00
153 1.08728e+00 1.05089e+00
154 1.06963e+00 1.04811e+00
155 1.06692e+00 1.04651e+00
156 1.06997e+00 1.04647e+00
157 1.07185e+00 1.04361e+00
158 1.07290e+00 1.04602e+00
159 1.06265e+00 1.04315e+00
160 1.06886e+00 1.04413e+00
161 1.06722e+00 1.04375e+00
162 1.06876e+00 1.04291e+00
163 1.06691e+00 1.04318e+00
164 1.06160e+00 1.04024e+00
165 1.06022e+00 1.04149e+00
166 1.06300e+00 1.04227e+00
167 1.06853e+00 1.04556e+00
168 1.06957e+00 1.04209e+00
169 1.07472e+00 1.04055e+00
170 1.06452e+00 1.04107e+00
171 1.06624e+00 1.04383e+00
172 1.07438e+00 1.04250e+00
173 1.06716e+00 1.04059e+00
174 1.06236e+00 1.03991e+00
175 1.05759e+00 1.03837e+00
176 1.06500e+00 1.03991e+00
177 1.06476e+00 1.03937e+00
178 1.06329e+00 1.04010e+00
179 1.06238e+00 1.03739e+00
180 1.06526e+00 1.03964e+00
181 1.05675e+00 1.03984e+00
182 1.07301e+00 1.03862e+00
183 1.06710e+00 1.03830e+00
184 1.07166e+00 1.03910e+00
185 1.05949e+00 1.03563e+00
186 1.07070e+00 1.03656e+00
187 1.05368e+00 1.03429e+00
188 1.06698e+00 1.03610e+00
189 1.08229e+00 1.03825e+00
190 1.04867e+00 1.03689e+00
191 1.06092e+00 1.03595e+00
192 1.06684e+00 1.03539e+00
193 1.06449e+00 1.03416e+00
194 1.06181e+00 1.03592e+00
195 1.06172e+00 1.03755e+00
196 1.06223e+00 1.03680e+00
197 1.06100e+00 1.03496e+00
198 1.05665e+00 1.03394e+00
199 1.04754e+00 1.03274e+00
200 1.05766e+00 1.03324e+00
201 1.05842e+00 1.03497e+00
202 1.05303e+00 1.03355e+00
203 1.06021e+00 1.03416e+00
204 1.05990e+00 1.03527e+00
205 1.06529e+00 1.03239e+00
206 1.06089e+00 1.03625e+00
207 1.07074e+00 1.03629e+00
208 1.05530e+00 1.03464e+00
209 1.04333e+00 1.03376e+00
210 1.05520e+00 1.03119e+00
211 1.05293e+00 1.03035e+00
212 1.04340e+00 1.02903e+00
213 1.06675e+00 1.03271e+00
214 1.05272e+00 1.03019e+00
215 1.04506e+00 1.02982e+00
216 1.05512e+00 1.03056e+00
217 1.05394e+00 1.03410e+00
218 1.05721e+00 1.03289e+00
219 1.06330e+00 1.03466e+00
220 1.05592e+00 1.03516e+00
221 1.05108e+00 1.03094e+00
222 1.04865e+00 1.03150e+00
223 1.05625e+00 1.03121e+00
224 1.05594e+00 1.03181e+00
225 1.05785e+00 1.03158e+00
226 1.05409e+00 1.03170e+00
227 1.06559e+00 1.03278e+00
228 1.05099e+00 1.03147e+00
229 1.06384e+00 1.03179e+00
230 1.05041e+00 1.03010e+00
231 1.04976e+00 1.03167e+00
232 1.05095e+00 1.03161e+00
233 1.04851e+00 1.03085e+00
234 1.05091e+00 1.02905e+00
235 1.06058e+00 1.02999e+00
236 1.04763e+00 1.02927e+00
237 1.05839e+00 1.02809e+00
238 1.05077e+00 1.02649e+00
239 1.05653e+00 1.02908e+00
240 1.04587e+00 1.02788e+00
241 1.06074e+00 1.02939e+00
242 1.05238e+00 1.02773e+00
243 1.05348e+00 1.02688e+00
244 1.05458e+00 1.02759e+00
245 1.04204e+00 1.02759e+00
246 1.04084e+00 1.02607e+00
247 1.05568e+00 1.02499e+00
248 1.06882e+00 1.02875e+00
249 1.05884e+00 1.02795e+00
250 1.05051e+00 1.02771e+00
251 1.04904e+00 1.02635e+00
252 1.04952e+00 1.02644e+00
253 1.05080e+00 1.02828e+00
254 1.05446e+00 1.02808e+00
255 1.05191e+00 1.02630e+00
256 1.04775e+00 1.02563e+00
257 1.05939e+00 1.02412e+00
258 1.04912e+00 1.02439e+00
259 1.04970e+00 1.02487e+00
260 1.05545e+00 1.02537e+00
261 1.04929e+00 1.02512e+00
262 1.04396e+00 1.02493e+00
263 1.04544e+00 1.02329e+00
264 1.04582e+00 1.02426e+00
265 1.03707e+00 1.02507e+00
266 1.05812e+00 1.02504e+00
267 1.04390e+00 1.02625e+00
268 1.04597e+00 1.02628e+00
269 1.04884e+00 1.02432e+00
270 1.04359e+00 1.02440e+00
271 1.03568e+00 1.02326e+00
272 1.04113e+00 1.02204e+00
273 1.04126e+00 1.02251e+00
274 1.04098e+00 1.02414e+00
275 1.04878e+00 1.02385e+00
276 1.05511e+00 1.02360e+00
277 1.05042e+00 1.02303e+00
278 1.03836e+00 1.02139e+00
279 1.04937e+00 1.02331e+00
280 1.05067e+00 1.02114e+00
281 1.03513e+00 1.02082e+00
282 1.04164e+00 1.02150e+00
283 1.03690e+00 1.02024e+00
284 1.03837e+00 1.01928e+00
285 1.04858e+00 1.01914e+00
286 1.05540e+00 1.02176e+00
287 1.03705e+00 1.01983e+00
288 1.04890e+00 1.01935e+00
289 1.03290e+00 1.01919e+00
290 1.03975e+00 1.01925e+00
291 1.04137e+00 1.01940e+00
292 1.04558e+00 1.01882e+00
293 1.04873e+00 1.01846e+00
294 1.04304e+00 1.02123e+00
295 1.04092e+00 1.02030e+00
296 1.03708e+00 1.01778e+00
297 1.04978e+00 1.01727e+00
298 1.04864e+00 1.01893e+00
299 1.05051e+00 1.01803e+00
300 1.03870e+00 1.01786e+00
301 1.04992e+00 1.01902e+00
302 1.03569e+00 1.02035e+00
303 1.04303e+00 1.01762e+00
304 1.03787e+00 1.02041e+00
305 1.03443e+00 1.02066e+00
306 1.04287e+00 1.02062e+00
307 1.03230e+00 1.01924e+00
308 1.04429e+00 1.02107e+00
309 1.04466e+00 1.02017e+00
310 1.04131e+00 1.02053e+00
311 1.04018e+00 1.02010e+00
312 1.03266e+00 1.02207e+00
313 1.03748e+00 1.01985e+00
314 1.04239e+00 1.02112e+00
315 1.05161e+00 1.02111e+00
316 1.03107e+00 1.01815e+00
317 1.04826e+00 1.02118e+00
318 1.03871e+00 1.01894e+00
319 1.03726e+00 1.01836e+00
320 1.03177e+00 1.01875e+00
321 1.04564e+00 1.02027e+00
322 1.04203e+00 1.01906e+00
323 1.04999e+00 1.01911e+00
324 1.04683e+00 1.02014e+00
325 1.03706e+00 1.01634e+00
326 1.04756e+00 1.01755e+00
327 1.03111e+00 1.01709e+00
328 1.04515e+00 1.01791e+00
329 1.03557e+00 1.01860e+00
330 1.03059e+00 1.01555e+00
331 1.03855e+00 1.01555e+00
332 1.03103e+00 1.01526e+00
333 1.03703e+00 1.01543e+00
334 1.04072e+00 1.01770e+00
335 1.03443e+00 1.01589e+00
336 1.03146e+00 1.01360e+00
337 1.03932e+00 1.01609e+00
338 1.02976e+00 1.01293e+00
339 1.04766e+00 1.01591e+00
340 1.03523e+00 1.01608e+00
341 1.03116e+00 1.01613e+00
342 1.03244e+00 1.01597e+00
343 1.03883e+00 1.01520e+00
344 1.03915e+00 1.01477e+00
345 1.02792e+00 1.01509e+00
346 1.03391e+00 1.01590e+00
347 1.04124e+00 1.01954e+00
348 1.03321e+00 1.01665e+00
349 1.03320e+00 1.01458e+00
350 1.03640e+00 1.01658e+00
351 1.03697e+00 1.01668e+00
352 1.03390e+00 1.01463e+00
353 1.03504e+00 1.01417e+00
354 1.03183e+00 1.01333e+00
355 1.03799e+00 1.01561e+00
356 1.03283e+00 1.01764e+00
357 1.03876e+00 1.01874e+00
358 1.03861e+00 1.01655e+00
359 1.02865e+00 1.01530e+00
360 1.03534e+00 1.01515e+00
361 1.02047e+00 1.01552e+00
362 1.03795e+00 1.01432e+00
363 1.04598e+00 1.01611e+00
364 1.03133e+00 1.01641e+00
365 1.02998e+00 1.01733e+00
366 1.04213e+00 1.01694e+00
367 1.02757e+00 1.01445e+00
368 1.04352e+00 1.01613e+00
369 1.03243e+00 1.01538e+00
370 1.02749e+00 1.01238e+00
371 1.02371e+00 1.01318e+00
372 1.03873e+00 1.01340e+00
373 1.04278e+00 1.01348e+00
374 1.03162e+00 1.01262e+00
375 1.03444e+00 1.01667e+00
376 1.03542e+00 1.01389e+00
377 1.02605e+00 1.01281e+00
378 1.03756e+00 1.01517e+00
379 1.03876e+00 1.01554e+00
380 1.02980e+00 1.01477e+00
381 1.03524e+00 1.01510e+00
382 1.04048e+00 1.01345e+00
383 1.03132e+00 1.01158e+00
384 1.03356e+00 1.01281e+00
385 1.02507e+00 1.01347e+00
386 1.04031e+00 1.01385e+00
387 1.02876e+00 1.01320e+00
388 1.03153e+00 1.01435e+00
389 1.03737e+00 1.01449e+00
390 1.04091e+00 1.01482e+00
391 1.03171e+00 1.01530e+00
392 1.02670e+00 1.01304e+00
393 1.02822e+00 1.01370e+00
394 1.03263e+00 1.01207e+00
395 1.03354e+00 1.01179e+00
396 1.03448e+00 1.01293e+00
397 1.03437e+00 1.01272e+00
398 1.03079e+00 1.01260e+00
399 1.02831e+00 1.01301e+00
400 1.02582e+00 1.01677e+00
401 1.04190e+00 1.01147e+00
402 1.03899e+00 1.01142e+00
403 1.03542e+00 1.01252e+00
404 1.02023e+00 1.00991e+00
405 1.03525e+00 1.01292e+00
406 1.02794e+00 1.01094e+00
407 1.03500e+00 1.01255e+00
408 1.03265e+00 1.01432e+00
409 1.02228e+00 1.01385e+00
410 1.03422e+00 1.01449e+00
411 1.04174e+00 1.01366e+00
412 1.02775e+00 1.01270e+00
413 1.02793e+00 1.01092e+00
414 1.01966e+00 1.00921e+00
415 1.03758e+00 1.01027e+00
416 1.02479e+00 1.00892e+00
417 1.02459e+00 1.01097e+00
418 1.01451e+00 1.01065e+00
419 1.02478e+00 1.01015e+00
420 1.03083e+00 1.01316e+00
421 1.02317e+00 1.01002e+00
422 1.02756e+00 1.00918e+00
423 1.01776e+00 1.01016e+00
424 1.03155e+00 1.00934e+00
425 1.03407e+00 1.01052e+00
426 1.02868e+00 1.00996e+00
427 1.02870e+00 1.01176e+00
428 1.02698e+00 1.01214e+00
429 1.02348e+00 1.01233e+00
430 1.02772e+00 1.01113e+00
431 1.02933e+00 1.00941e+00
432 1.03266e+00 1.01053e+00
433 1.01943e+00 1.01073e+00
434 1.03425e+00 1.01177e+00
435 1.02279e+00 1.00922e+00
436 1.02529e+00 1.01162e+00
437 1.03398e+00 1.01011e+00
438 1.03074e+00 1.01104e+00
439 1.02916e+00 1.01168e+00
440 1.02798e+00 1.01324e+00
441 1.02771e+00 1.01281e+00
442 1.02474e+00 1.01104e+00
443 1.03358e+00 1.01163e+00
444 1.02435e+00 1.01039e+00
445 1.03090e+00 1.01051e+00
446 1.03211e+00 1.01153e+00
447 1.02068e+00 1.01142e+00
448 1.01954e+00 1.00940e+00
449 1.03313e+00 1.00999e+00
450 1.02856e+00 1.01086e+00
451 1.02474e+00 1.01020e+00
452 1.03665e+00 1.01098e+00
453 1.01557e+00 1.01038e+00
454 1.03295e+00 1.01021e+00
455 1.02805e+00 1.01014e+00
456 1.02765e+00 1.01037e+00
457 1.02907e+00 1.01263e+00
458 1.02508e+00 1.01126e+00
459 1.03037e+00 1.01203e+00
460 1.02000e+00 1.00958e+00
461 1.03312e+00 1.01109e+00
462 1.02409e+00 1.00984e+00
463 1.03102e+00 1.00900e+00
464 1.02251e+00 1.00928e+00
465 1.01156e+00 1.01037e+00
466 1.02323e+00 1.00785e+00
467 1.02947e+00 1.00811e+00
468 1.01555e+00 1.00678e+00
469 1.01812e+00 1.00570e+00
470 1.01633e+00 1.00839e+00
471 1.02520e+00 1.00994e+00
472 1.02617e+00 1.00824e+00
473 1.01638e+00 1.00859e+00
474 1.02243e+00 1.00804e+00
475 1.01680e+00 1.00855e+00
476 1.03464e+00 1.00886e+00
477 1.01971e+00 1.00887e+00
478 1.02467e+00 1.00958e+00
479 1.02011e+00 1.00673e+00
480 1.02149e+00 1.00557e+00
481 1.03062e+00 1.00714e+00
482 1.02363e+00 1.00586e+00
483 1.02487e+00 1.00678e+00
484 1.01968e+00 1.00591e+00
485 1.02401e+00 1.00688e+00
486 1.02351e+00 1.00798e+00
487 1.02898e+00 1.00835e+00
488 1.01984e+00 1.00850e+00
489 1.02971e+00 1.00806e+00
490 1.02478e+00 1.00872e+00
491 1.02049e+00 1.00945e+00
492 1.02611e+00 1.01116e+00
493 1.02043e+00 1.01066e+00
494 1.02842e+00 1.01309e+00
495 1.02835e+00 1.00983e+00
496 1.01726e+00 1.01132e+00
497 1.01969e+00 1.00552e+00
498 1.02743e+00 1.00799e+00
499 1.03029e+00 1.01002e+00
500 1.02437e+00 1.00770e+00
501 1.03320e+00 1.00751e+00
502 1.02856e+00 1.00795e+00
503 1.02916e+00 1.00993e+00
504 1.01401e+00 1.00798e+00
505 1.02334e+00 1.00774e+00
506 1.01078e+00 1.00782e+00
507 1.01405e+00 1.00571e+00
508 1.03186e+00 1.00736e+00
509 1.01663e+00 1.00383e+00
510 1.03144e+00 1.00428e+00
511 1.02405e+00 1.00203e+00
512 1.03098e+00 1.00551e+00
513 1.02073e+00 1.00735e+00
514 1.02008e+00 1.00676e+00
515 1.03025e+00 1.00820e+00
516 1.01822e+00 1.00906e+00
517 1.02346e+00 1.00714e+00
518 1.01972e+00 1.00546e+00
519 1.02724e+00 1.00487e+00
520 1.01692e+00 1.00447e+00
521 1.01417e+00 1.00762e+00
522 1.01471e+00 1.00782e+00
523 1.02293e+00 1.00748e+00
524 1.01919e+00 1.00753e+00
525 1.02417e+00 1.00938e+00
526 1.01383e+00 1.00602e+00
527 1.02163e+00 1.00613e+00
528 1.02113e+00 1.00477e+00
529 1.02408e+00 1.00383e+00
530 1.02370e+00 1.00393e+00
531 1.02408e+00 1.00503e+00
532 1.02805e+00 1.00561e+00
533 1.00919e+00 1.00738e+00
534 1.02143e+00 1.00578e+00
535 1.01484e+00 1.00513e+00
536 1.02980e+00 1.00323e+00
537 1.00895e+00 1.00483e+00
538 1.02432e+00 1.00230e+00
539 1.02078e+00 1.00399e+00
540 1.02622e+00 1.00249e+00
541 1.02312e+00 1.00476e+00
542 1.02376e+00 1.00544e+00
543 1.01418e+00 1.00545e+00
544 1.02245e+00 1.00680e+00
545 1.02696e+00 1.00740e+00
546 1.01007e+00 1.00398e+00
547 1.01261e+00 1.00374e+00
548 1.01787e+00 1.00509e+00
549 1.01281e+00 1.00398e+00
550 1.01073e+00 1.00338e+00
551 1.01682e+00 1.00385e+00
552 1.02180e+00 1.00293e+00
553 1.01777e+00 1.00434e+00
554 1.01933e+00 1.00711e+00
555 1.02708e+00 1.00707e+00
556 1.02903e+00 1.00679e+00
557 1.02462e+00 1.00884e+00
558 1.02544e+00 1.00615e+00
559 1.01254e+00 1.00471e+00
560 1.01599e+00 1.00355e+00
561 1.01247e+00 1.00539e+00
562 1.02346e+00 1.00619e+00
563 1.00730e+00 1.00678e+00
564 1.02467e+00 1.00775e+00
565 1.01917e+00 1.00907e+00
566 1.01662e+00 1.00849e+00
567 1.01909e+00 1.00627e+00
568 1.00709e+00 1.00555e+00
569 1.00256e+00 1.00560e+00
570 1.01486e+00 1.00425e+00
571 1.01748e+00 1.00428e+00
572 1.01305e+00 1.00626e+00
573 1.01160e+00 1.00336e+00
574 1.01168e+00 1.00175e+00
575 1.00940e+00 1.00083e+00
576 1.01360e+00 1.00138e+00
577 1.01344e+00 1.00299e+00
578 1.01902e+00 1.00171e+00
579 1.01715e+00 1.00428e+00
580 1.01897e+00 1.00238e+00
581 1.01229e+00 1.00418e+00
582 1.00039e+00 1.00078e+00
583 1.01796e+00 9.99802e-01
584 1.01363e+00 1.00197e+00
585 1.01146e+00 1.00058e+00
586 1.01355e+00 1.00370e+00
587 1.01441e+00 9.99767e-01
588 1.01427e+00 1.00032e+00
589 1.00890e+00 1.00283e+00
590 1.01603e+00 1.00226e+00
591 1.01701e+00 1.00328e+00
592 1.00999e+00 1.00510e+00
593 1.01424e+00 1.00372e+00
594 1.01824e+00 1.00362e+00
595 1.01860e+00 1.00717e+00
596 1.00973e+00 1.00728e+00
597 1.01137e+00 1.00545e+00
598 1.01580e+00 1.00396e+00
599 1.01585e+00 1.00229e+00
600 1.01638e+00 1.00361e+00
601 1.01106e+00 1.00423e+00
602 1.01330e+00 1.00237e+00
603 1.01351e+00 1.00394e+00
604 1.01881e+00 1.00268e+00
605 1.00899e+00 1.00223e+00
606 1.01575e+00 1.00117e+00
607 1.01517e+00 1.00065e+00
608 1.00496e+00 1.00053e+00
609 1.01552e+00 1.00085e+00
610 1.01545e+00 1.00155e+00
611 1.00950e+00 9.99550e-01
612 1.00170e+00 9.98914e-01
613 1.00348e+00 9.97405e-01
614 1.01211e+00 9.99868e-01
615 1.01243e+00 9.99600e-01
616 1.01524e+00 1.00134e+00
617 1.01704e+00 1.00003e+00
618 1.01468e+00 1.00119e+00
619 1.00928e+00 1.00171e+00
620 1.01498e+00 1.00215e+00
621 1.01722e+00 1.00188e+00
622 1.01763e+00 1.00509e+00
623 1.01812e+00 1.00296e+00
624 1.00562e+00 1.00075e+00
625 1.01025e+00 1.00153e+00
626 1.00909e+00 1.00082e+00
627 1.01504e+00 9.98917e-01
628 1.01246e+00 1.00257e+00
629 1.00644e+00 1.00163e+00
630 1.00991e+00 1.00009e+00
631 1.01803e+00 1.00076e+00
632 1.01011e+00 1.00086e+00
633 1.00866e+00 1.00295e+00
634 1.00052e+00 9.99997e-01
635 1.01280e+00 1.00096e+00
636 1.01869e+00 1.00025e+00
637 1.00948e+00 9.98933e-01
638 1.02233e+00 1.00319e+00
639 1.00980e+00 1.00392e+00
640 1.01196e+00 1.00179e+00
641 1.00996e+00 1.00116e+00
642 1.00280e+00 9.98547e-01
643 1.00345e+00 9.98751e-01
644 1.01013e+00 9.99295e-01
645 1.01502e+00 9.99314e-01
646 1.00366e+00 9.99812e-01
647 1.00638e+00 9.98408e-01
648 1.00861e+00 9.97531e-01
649 1.00846e+00 9.94864e-01
650 1.01218e+00 9.98007e-01
651 1.01697e+00 1.00008e+00
652 1.01095e+00 9.98765e-01
653 1.01743e+00 9.97980e-01
654 1.02544e+00 1.00170e+00
655 1.01197e+00 1.00009e+00
656 1.00965e+00 9.99339e-01
657 1.00956e+00 1.00096e+00
658 1.00156e+00 9.98903e-01
659 1.00544e+00 9.97845e-01
660 1.01607e+00 9.99985e-01
661 1.00949e+00 9.96850e-01
662 1.00625e+00 9.99733e-01
663 1.00853e+00 1.00170e+00
664 9.97997e-01 1.00010e+00
665 1.01537e+00 9.97797e-01
666 1.01448e+00 9.99236e-01
667 1.00108e+00 9.97593e-01
668 1.00140e+00 9.97840e-01
669 9.92427e-01 9.97914e-01
670 1.00322e+00 9.99633e-01
671 1.00686e+00 9.98466e-01
672 1.01323e+00 9.98183e-01
673 1.01244e+00 9.99309e-01
674 1.00572e+00 9.97786e-01
675 1.00666e+00 9.95981e-01
676 1.00813e+00 1.00270e+00
677 1.01153e+00 9.98377e-01
678 1.01088e+00 9.98405e-01
679 1.01177e+00 9.96462e-01
680 1.01416e+00 9.99447e-01
681 1.01011e+00 9.98753e-01
682 1.00777e+00 9.96629e-01
683 1.01138e+00 9.97346e-01
684 1.01476e+00 9.99370e-01
685 1.01210e+00 9.99043e-01
686 1.00679e+00 9.96918e-01
687 1.00353e+00 9.98229e-01
688 1.01324e+00 9.99725e-01
689 1.00572e+00 9.97144e-01
690 1.00727e+00 9.97871e-01
691 1.00645e+00 9.99254e-01
692 1.00554e+00 9.98558e-01
693 1.00454e+00 9.96440e-01
694 1.00689e+00 9.96139e-01
695 1.01549e+00 9.98938e-01
696 1.00092e+00 9.97262e-01
697 9.99290e-01 9.96922e-01
698 1.00807e+00 9.98197e-01
699 1.00364e+00 9.99067e-01
700 1.00606e+00 9.98538e-01
701 1.01761e+00 9.98086e-01
702 1.01300e+00 9.98077e-01
703 1.00446e+00 9.97567e-01
704 1.00738e+00 9.99969e-01
705 1.00488e+00 1.00116e+00
706 1.00999e+00 9.99221e-01
707 1.01204e+00 9.98728e-01
708 1.00511e+00 9.99406e-01
709 1.01124e+00 9.98488e-01
710 1.00004e+00 9.97552e-01
711 1.00166e+00 9.98122e-01
712 1.01261e+00 9.97369e-01
713 1.00803e+00 9.95863e-01
714 1.00065e+00 9.96272e-01
715 1.00395e+00 9.95586e-01
716 1.00426e+00 9.97395e-01
717 1.01284e+00 9.98672e-01
718 1.00764e+00 9.98569e-01
719 1.01451e+00 9.96614e-01
720 9.94079e-01 9.94970e-01
721 1.00052e+00 9.92196e-01
722 1.01130e+00 9.93020e-01
723 1.00988e+00 9.93429e-01
724 1.00953e+00 9.95654e-01
725 1.00238e+00 9.92743e-01
726 1.02322e+00 9.93945e-01
727 1.01461e+00 9.94194e-01
728 1.00119e+00 9.93981e-01
729 1.00496e+00 9.95885e-01
730 9.99780e-01 9.95788e-01
731 1.01101e+00 9.95258e-01
732 9.96771e-01 9.93938e-01
733 1.00419e+00 9.94586e-01
734 9.99696e-01 9.95033e-01
735 1.00099e+00 9.94952e-01
736 1.00407e+00 9.94971e-01
737 1.00318e+00 9.95306e-01
738 1.00693e+00 9.95164e-01
739 1.00813e+00 9.95048e-01
740 9.94958e-01 9.94675e-01
741 1.00266e+00 9.92284e-01
742 1.01136e+00 9.94546e-01
743 1.00548e+00 9.93369e-01
744 9.97437e-01 9.91940e-01
745 1.00026e+00 9.92295e-01
746 1.00150e+00 9.94077e-01
747 1.00818e+00 9.93261e-01
748 9.93557e-01 9.93640e-01
749 9.97909e-01 9.91866e-01
750 1.01058e+00 9.93552e-01
751 1.00100e+00 9.94671e-01
752 9.96104e-01 9.94386e-01
753 1.00042e+00 9.95012e-01
754 1.00979e+00 9.95674e-01
755 1.00524e+00 9.97408e-01
756 1.00913e+00 9.95595e-01
757 1.01178e+00 9.97194e-01
758 1.00893e+00 9.96741e-01
759 1.00044e+00 9.97516e-01
760 9.99283e-01 9.95612e-01
761 1.00131e+00 9.97336e-01
762 1.00762e+00 9.93771e-01
763 1.00528e+00 9.94321e-01
764 9.90796e-01 9.93142e-01
765 9.99682e-01 9.93031e-01
766 1.01030e+00 9.92454e-01
767 1.00856e+00 9.94560e-01
768 9.82492e-01 9.93342e-01
769 1.01051e+00 9.94179e-01
770 1.00693e+00 9.92928e-01
771 9.98923e-01 9.91990e-01
772 1.00459e+00 9.89228e-01
773 1.00815e+00 9.90611e-01
774 9.97320e-01 9.92404e-01
775 1.00000e+00 9.93030e-01
776 1.00937e+00 9.94116e-01
777 1.00181e+00 9.91962e-01
778 1.00102e+00 9.93255e-01
779 1.00807e+00 9.93488e-01
780 9.88406e-01 9.92505e-01
781 1.01672e+00 9.92056e-01
782 1.00847e+00 9.93090e-01
783 1.00741e+00 9.93020e-01
784 1.00822e+00 9.94673e-01
785 9.98472e-01 9.92466e-01
786 9.99848e-01 9.95005e-01
787 1.00205e+00 9.93185e-01
788 1.00575e+00 9.94217e-01
789 1.00119e+00 9.94370e-01
790 9.94500e-01 9.93429e-01
791 1.00615e+00 9.92056e-01
792 9.97072e-01 9.92281e-01
793 1.00404e+00 9.92279e-01
794 9.96749e-01 9.92226e-01
795 1.00407e+00 9.91318e-01
796 9.99755e-01 9.92676e-01
797 9.99446e-01 9.91727e-01
798 9.91368e-01 9.94779e-01
799 9.97705e-01 9.92645e-01
800 1.01073e+00 9.91679e-01
801 1.00200e+00 9.91189e-01
802 9.99997e-01 9.92455e-01
803 9.90841e-01 9.89623e-01
804 9.98162e-01 9.92322e-01
805 9.98251e-01 9.90331e-01
806 9.97766e-01 9.89999e-01
807 1.00230e+00 9.89224e-01
808 9.95002e-01 9.87853e-01
809 9.99256e-01 9.89988e-01
810 9.97284e-01 9.91248e-01
811 1.00526e+00 9.91828e-01
812 1.00016e+00 9.91455e-01
813 9.94948e-01 9.91668e-01
814 9.94802e-01 9.90957e-01
815 9.92522e-01 9.90502e-01
816 1.00737e+00 9.94300e-01
817 9.96214e-01 9.91417e-01
818 9.88086e-01 9.89178e-01
819 1.01061e+00 9.91289e-01
820 9.97204e-01 9.90147e-01
821 1.00769e+00 9.87452e-01
822 1.00363e+00 9.89037e-01
823 1.00194e+00 9.87469e-01
824 9.92986e-01 9.87765e-01
825 1.00907e+00 9.88331e-01
826 1.00221e+00 9.91431e-01
827 9.91072e-01 9.91352e-01
828 9.97552e-01 9.91980e-01
829 1.00541e+00 9.93067e-01
830 9.97042e-01 9.95047e-01
831 9.91602e-01 9.92137e-01
832 9.88936e-01 9.92082e-01
833 9.93140e-01 9.92732e-01
834 9.86554e-01 9.91946e-01
835 9.94159e-01 9.92402e-01
836 1.00008e+00 9.91712e-01
837 9.96121e-01 9.91824e-01
838 9.92366e-01 9.90437e-01
839 9.99685e-01 9.90930e-01
840 1.00659e+00 9.91368e-01
841 1.00516e+00 9.91846e-01
842 1.00132e+00 9.91792e-01
843 9.93622e-01 9.92104e-01
844 9.94804e-01 9.89701e-01
845 9.92016e-01 9.89574e-01
846 9.90945e-01 9.90821e-01
847 9.87877e-01 9.90288e-01
848 9.98114e-01 9.90627e-01
849 9.89949e-01 9.89235e-01
850 9.94141e-01 9.88774e-01
851 9.93968e-01 9.89937e-01
852 1.00266e+00 9.90354e-01
853 1.00591e+00 9.90999e-01
854 9.93168e-01 9.88934e-01
855 9.96065e-01 9.87643e-01
856 9.99344e-01 9.90126e-01
857 9.92423e-01 9.87149e-01
858 1.00392e+00 9.85754e-01
859 9.86536e-01 9.87163e-01
860 9.85176e-01 9.89600e-01
861 9.97488e-01 9.89040e-01
862 9.91634e-01 9.86939e-01
863 9.93386e-01 9.88183e-01
864 1.00397e+00 9.88409e-01
865 9.85007e-01 9.89185e-01
866 9.98163e-01 9.89391e-01
867 9.90291e-01 9.87744e-01
868 9.98695e-01 9.86809e-01
869 9.86471e-01 9.87800e-01
870 9.92263e-01 9.87814e-01
871 9.91353e-01 9.87721e-01
872 9.88621e-01 9.87478e-01
873 1.00083e+00 9.86346e-01
874 9.97082e-01 9.88524e-01
875 9.98473e-01 9.89398e-01
876 9.94364e-01 9.87377e-01
877 9.95683e-01 9.88120e-01
878 9.97112e-01 9.90886e-01
879 9.87604e-01 9.92287e-01
880 1.00148e+00 9.89727e-01
881 1.00166e+00 9.89902e-01
882 9.82446e-01 9.88504e-01
883 9.97614e-01 9.89737e-01
884 9.88308e-01 9.90967e-01
885 1.00053e+00 9.88315e-01
886 1.00195e+00 9.89948e-01
887 9.79392e-01 9.86551e-01
888 9.87670e-01 9.87215e-01
889 9.98578e-01 9.87175e-01
890 9.92239e-01 9.88634e-01
891 9.97934e-01 9.88706e-01
892 9.94430e-01 9.88625e-01
893 1.00244e+00 9.90581e-01
894 9.98951e-01 9.91780e-01
895 9.97816e-01 9.89421e-01
896 9.88948e-01 9.87775e-01
897 9.91402e-01 9.86931e-01
898 9.91536e-01 9.89796e-01
899 9.95468e-01 9.88738e-01
900 9.89106e-01 9.88444e-01
901 9.82660e-01 9.86951e-01
902 1.00289e+00 9.89369e-01
903 1.00541e+00 9.90724e-01
904 9.95086e-01 9.89216e-01
905 1.00362e+00 9.89115e-01
906 9.95803e-01 9.89235e-01
907 9.97899e-01 9.88386e-01
908 9.94486e-01 9.87886e-01
909 1.00713e+00 9.88265e-01
910 1.00019e+00 9.87549e-01
911 9.93969e-01 9.85401e-01
912 9.88388e-01 9.86597e-01
913 9.93058e-01 9.86372e-01
914 1.00166e+00 9.84529e-01
915 9.90008e-01 9.85140e-01
916 9.96849e-01 9.84623e-01
917 9.86573e-01 9.83855e-01
918 9.81143e-01 9.84245e-01
919 9.95041e-01 9.86475e-01
920 9.90550e-01 9.87754e-01
921 1.00362e+00 9.88591e-01
922 9.87562e-01 9.88003e-01
923 9.91745e-01 9.87987e-01
924 9.94494e-01 9.88866e-01
925 9.94422e-01 9.90872e-01
926 9.92365e-01 9.88760e-01
927 9.79367e-01 9.87111e-01
928 1.00145e+00 9.85688e-01
929 9.99440e-01 9.85931e-01
930 9.97951e-01 9.86325e-01
931 9.85499e-01 9.84721e-01
932 9.92261e-01 9.84113e-01
933 9.90714e-01 9.85466e-01
934 9.92043e-01 9.84504e-01
935 9.98877e-01 9.85471e-01
936 9.90369e-01 9.86561e-01
937 9.89530e-01 9.89143e-01
938 9.87859e-01 9.87528e-01
939 9.85350e-01 9.86021e-01
940 9.92315e-01 9.85251e-01
941 9.93927e-01 9.87081e-01
942 9.87225e-01 9.86183e-01
943 1.00801e+00 9.86708e-01
944 1.00283e+00 9.86260e-01
945 9.92441e-01 9.85757e-01
946 9.89509e-01 9.85600e-01
947 9.80396e-01 9.84483e-01
948 9.88243e-01 9.88183e-01
949 9.97197e-01 9.87170e-01
950 9.86155e-01 9.86684e-01
951 9.97522e-01 9.87080e-01
952 9.92364e-01 9.86426e-01
953 9.86285e-01 9.85734e-01
954 9.88659e-01 9.85954e-01
955 1.00239e+00 9.86602e-01
956 1.00350e+00 9.87142e-01
957 9.85550e-01 9.86726e-01
958 9.94230e-01 9.86490e-01
959 9.91998e-01 9.86026e-01
960 9.74217e-01 9.85872e-01
961 9.80169e-01 9.85544e-01
962 9.90249e-01 9.88187e-01
963 9.89568e-01 9.86792e-01
964 9.85168e-01 9.85198e-01
965 9.96628e-01 9.86317e-01
966 9.90123e-01 9.88910e-01
967 9.91687e-01 9.87689e-01
968 9.88395e-01 9.86355e-01
969 9.89375e-01 9.86343e-01
970 9.86045e-01 9.85255e-01
971 9.83727e-01 9.83490e-01
972 9.94962e-01 9.82827e-01
973 9.82522e-01 9.83907e-01
974 9.92312e-01 9.83907e-01
975 9.90936e-01 9.82957e-01
976 9.95356e-01 9.83607e-01
977 9.92263e-01 9.84317e-01
978 9.89519e-01 9.83873e-01
979 9.84039e-01 9.83938e-01
980 9.90988e-01 9.85266e-01
981 9.91005e-01 9.84993e-01
982 9.90116e-01 9.87463e-01
983 9.95422e-01 9.87850e-01
984 9.94460e-01 9.84860e-01
985 9.84329e-01 9.86646e-01
986 9.89393e-01 9.87231e-01
987 1.00132e+00 9.86154e-01
988 9.91290e-01 9.87669e-01
989 9.96025e-01 9.86730e-01
990 9.92467e-01 9.87457e-01
991 9.83910e-01 9.87256e-01
992 9.93365e-01 9.84435e-01
993 9.87347e-01 9.84651e-01
994 9.97314e-01 9.84812e-01
995 9.83878e-01 9.82331e-01
996 9.90268e-01 9.82805e-01
997 9.79115e-01 9.83101e-01
998 9.79988e-01 9.84155e-01
999 9.84859e-01 9.84194e-01
