training dataset: fesc_test
seed = 5
umFeatures = 5
Feature List: SFRs, Mstars, masses, redshifts, fgases
fluxSize = 4
batch_size = 256
epochs     = 1000
0 epoch  1 train loss  2 test loss
0 1.35679e+00 1.33039e+00
1 1.32359e+00 1.30272e+00
2 1.29846e+00 1.27867e+00
3 1.27443e+00 1.25924e+00
4 1.25366e+00 1.24227e+00
5 1.23559e+00 1.22754e+00
6 1.21310e+00 1.21504e+00
7 1.20480e+00 1.20437e+00
8 1.18981e+00 1.19509e+00
9 1.17312e+00 1.18718e+00
10 1.16821e+00 1.17930e+00
11 1.16772e+00 1.17236e+00
12 1.15376e+00 1.16622e+00
13 1.15553e+00 1.16066e+00
14 1.14615e+00 1.15561e+00
15 1.14617e+00 1.15037e+00
16 1.13424e+00 1.14552e+00
17 1.12835e+00 1.14103e+00
18 1.13434e+00 1.13681e+00
19 1.12101e+00 1.13279e+00
20 1.11336e+00 1.12885e+00
21 1.11444e+00 1.12546e+00
22 1.10153e+00 1.12207e+00
23 1.11436e+00 1.11910e+00
24 1.11088e+00 1.11574e+00
25 1.10766e+00 1.11313e+00
26 1.09904e+00 1.11059e+00
27 1.09633e+00 1.10821e+00
28 1.09381e+00 1.10546e+00
29 1.09531e+00 1.10333e+00
30 1.09074e+00 1.10072e+00
31 1.08555e+00 1.09884e+00
32 1.08950e+00 1.09667e+00
33 1.09056e+00 1.09421e+00
34 1.08535e+00 1.09221e+00
35 1.08959e+00 1.09054e+00
36 1.08282e+00 1.08891e+00
37 1.08156e+00 1.08731e+00
38 1.08105e+00 1.08566e+00
39 1.08112e+00 1.08386e+00
40 1.07138e+00 1.08270e+00
41 1.06663e+00 1.08144e+00
42 1.07887e+00 1.08009e+00
43 1.07611e+00 1.07855e+00
44 1.07256e+00 1.07723e+00
45 1.06811e+00 1.07618e+00
46 1.07490e+00 1.07491e+00
47 1.07219e+00 1.07409e+00
48 1.07664e+00 1.07307e+00
49 1.06876e+00 1.07188e+00
50 1.07382e+00 1.07085e+00
51 1.06239e+00 1.06978e+00
52 1.06309e+00 1.06928e+00
53 1.08033e+00 1.06799e+00
54 1.07962e+00 1.06696e+00
55 1.06540e+00 1.06623e+00
56 1.05825e+00 1.06555e+00
57 1.05736e+00 1.06495e+00
58 1.06626e+00 1.06407e+00
59 1.05289e+00 1.06318e+00
60 1.05675e+00 1.06205e+00
61 1.06205e+00 1.06118e+00
62 1.06038e+00 1.06025e+00
63 1.05891e+00 1.05971e+00
64 1.06396e+00 1.05892e+00
65 1.04866e+00 1.05814e+00
66 1.06302e+00 1.05764e+00
67 1.05045e+00 1.05713e+00
68 1.05382e+00 1.05656e+00
69 1.05240e+00 1.05580e+00
70 1.06253e+00 1.05501e+00
71 1.04811e+00 1.05448e+00
72 1.05810e+00 1.05394e+00
73 1.04586e+00 1.05297e+00
74 1.04815e+00 1.05279e+00
75 1.05308e+00 1.05248e+00
76 1.05068e+00 1.05185e+00
77 1.05971e+00 1.05140e+00
78 1.04289e+00 1.05111e+00
79 1.04987e+00 1.05019e+00
80 1.05544e+00 1.04969e+00
81 1.05482e+00 1.04962e+00
82 1.05313e+00 1.04900e+00
83 1.05807e+00 1.04852e+00
84 1.06165e+00 1.04804e+00
85 1.04781e+00 1.04775e+00
86 1.04218e+00 1.04714e+00
87 1.04978e+00 1.04678e+00
88 1.04207e+00 1.04667e+00
89 1.05284e+00 1.04663e+00
90 1.05425e+00 1.04611e+00
91 1.04392e+00 1.04596e+00
92 1.05994e+00 1.04553e+00
93 1.04094e+00 1.04533e+00
94 1.04211e+00 1.04500e+00
95 1.04548e+00 1.04481e+00
96 1.04719e+00 1.04412e+00
97 1.04199e+00 1.04352e+00
98 1.04595e+00 1.04341e+00
99 1.04395e+00 1.04256e+00
100 1.03177e+00 1.04262e+00
101 1.05120e+00 1.04255e+00
102 1.04273e+00 1.04209e+00
103 1.04953e+00 1.04201e+00
104 1.04295e+00 1.04223e+00
105 1.03758e+00 1.04160e+00
106 1.04582e+00 1.04097e+00
107 1.04384e+00 1.04032e+00
108 1.04757e+00 1.04043e+00
109 1.03589e+00 1.04026e+00
110 1.03539e+00 1.03998e+00
111 1.04441e+00 1.03940e+00
112 1.03993e+00 1.03938e+00
113 1.04925e+00 1.03941e+00
114 1.04329e+00 1.03865e+00
115 1.04267e+00 1.03853e+00
116 1.04436e+00 1.03798e+00
117 1.03826e+00 1.03824e+00
118 1.03604e+00 1.03775e+00
119 1.04320e+00 1.03796e+00
120 1.02728e+00 1.03774e+00
121 1.04224e+00 1.03741e+00
122 1.04230e+00 1.03693e+00
123 1.03968e+00 1.03698e+00
124 1.03330e+00 1.03687e+00
125 1.03761e+00 1.03626e+00
126 1.03443e+00 1.03578e+00
127 1.03863e+00 1.03556e+00
128 1.03375e+00 1.03502e+00
129 1.03529e+00 1.03461e+00
130 1.02484e+00 1.03472e+00
131 1.03617e+00 1.03442e+00
132 1.02691e+00 1.03422e+00
133 1.03197e+00 1.03402e+00
134 1.03882e+00 1.03373e+00
135 1.03220e+00 1.03389e+00
136 1.03733e+00 1.03337e+00
137 1.03405e+00 1.03335e+00
138 1.03279e+00 1.03329e+00
139 1.03319e+00 1.03286e+00
140 1.03230e+00 1.03309e+00
141 1.03255e+00 1.03285e+00
142 1.02904e+00 1.03248e+00
143 1.03550e+00 1.03202e+00
144 1.02751e+00 1.03192e+00
145 1.02943e+00 1.03189e+00
146 1.03959e+00 1.03135e+00
147 1.03246e+00 1.03087e+00
148 1.03037e+00 1.03116e+00
149 1.02864e+00 1.03085e+00
150 1.03927e+00 1.03104e+00
151 1.03369e+00 1.03056e+00
152 1.03327e+00 1.03084e+00
153 1.02942e+00 1.03076e+00
154 1.03242e+00 1.03049e+00
155 1.03496e+00 1.02966e+00
156 1.03448e+00 1.02980e+00
157 1.03074e+00 1.02968e+00
158 1.03028e+00 1.03015e+00
159 1.03453e+00 1.02945e+00
160 1.02738e+00 1.02962e+00
161 1.02030e+00 1.02965e+00
162 1.02608e+00 1.02941e+00
163 1.03469e+00 1.02900e+00
164 1.04532e+00 1.02880e+00
165 1.02824e+00 1.02873e+00
166 1.03638e+00 1.02871e+00
167 1.02361e+00 1.02826e+00
168 1.02452e+00 1.02793e+00
169 1.03697e+00 1.02823e+00
170 1.03270e+00 1.02766e+00
171 1.02542e+00 1.02762e+00
172 1.02387e+00 1.02768e+00
173 1.02737e+00 1.02724e+00
174 1.03591e+00 1.02734e+00
175 1.02942e+00 1.02808e+00
176 1.02817e+00 1.02772e+00
177 1.03899e+00 1.02660e+00
178 1.02138e+00 1.02644e+00
179 1.02793e+00 1.02604e+00
180 1.02672e+00 1.02551e+00
181 1.02622e+00 1.02542e+00
182 1.01657e+00 1.02561e+00
183 1.02480e+00 1.02559e+00
184 1.01800e+00 1.02572e+00
185 1.02434e+00 1.02556e+00
186 1.03328e+00 1.02539e+00
187 1.02730e+00 1.02490e+00
188 1.02214e+00 1.02521e+00
189 1.02791e+00 1.02555e+00
190 1.02165e+00 1.02567e+00
191 1.01895e+00 1.02531e+00
192 1.02219e+00 1.02516e+00
193 1.02329e+00 1.02457e+00
194 1.02280e+00 1.02490e+00
195 1.02261e+00 1.02481e+00
196 1.02305e+00 1.02477e+00
197 1.02666e+00 1.02512e+00
198 1.02836e+00 1.02523e+00
199 1.02740e+00 1.02462e+00
200 1.03536e+00 1.02448e+00
201 1.02507e+00 1.02393e+00
202 1.02289e+00 1.02408e+00
203 1.01291e+00 1.02422e+00
204 1.02264e+00 1.02392e+00
205 1.02781e+00 1.02392e+00
206 1.02812e+00 1.02349e+00
207 1.01547e+00 1.02356e+00
208 1.02836e+00 1.02362e+00
209 1.02514e+00 1.02319e+00
210 1.02984e+00 1.02250e+00
211 1.03155e+00 1.02256e+00
212 1.02862e+00 1.02274e+00
213 1.03530e+00 1.02214e+00
214 1.02586e+00 1.02305e+00
215 1.01394e+00 1.02265e+00
216 1.02134e+00 1.02241e+00
217 1.02030e+00 1.02255e+00
218 1.02552e+00 1.02254e+00
219 1.02566e+00 1.02223e+00
220 1.01907e+00 1.02158e+00
221 1.02083e+00 1.02162e+00
222 1.03474e+00 1.02151e+00
223 1.02107e+00 1.02187e+00
224 1.02022e+00 1.02174e+00
225 1.02696e+00 1.02110e+00
226 1.02832e+00 1.02085e+00
227 1.01545e+00 1.02076e+00
228 1.01717e+00 1.02048e+00
229 1.02631e+00 1.02070e+00
230 1.00899e+00 1.02078e+00
231 1.01607e+00 1.02042e+00
232 1.01723e+00 1.02018e+00
233 1.02509e+00 1.01998e+00
234 1.02586e+00 1.02002e+00
235 1.02714e+00 1.01982e+00
236 1.02078e+00 1.01927e+00
237 1.02033e+00 1.01949e+00
238 1.00853e+00 1.01933e+00
239 1.01958e+00 1.01963e+00
240 1.01464e+00 1.01993e+00
241 1.00744e+00 1.01985e+00
242 1.02107e+00 1.01967e+00
243 1.01068e+00 1.01981e+00
244 1.00761e+00 1.01932e+00
245 1.02287e+00 1.01884e+00
246 1.01563e+00 1.01819e+00
247 1.02436e+00 1.01843e+00
248 1.01675e+00 1.01826e+00
249 1.01546e+00 1.01823e+00
250 1.02237e+00 1.01831e+00
251 1.01493e+00 1.01794e+00
252 1.01331e+00 1.01790e+00
253 1.00905e+00 1.01799e+00
254 1.01594e+00 1.01782e+00
255 1.02376e+00 1.01747e+00
256 1.01764e+00 1.01722e+00
257 1.02658e+00 1.01700e+00
258 1.02868e+00 1.01730e+00
259 1.01346e+00 1.01785e+00
260 1.01354e+00 1.01803e+00
261 1.00797e+00 1.01830e+00
262 1.01562e+00 1.01773e+00
263 1.01243e+00 1.01754e+00
264 1.02256e+00 1.01750e+00
265 1.01041e+00 1.01742e+00
266 1.01050e+00 1.01729e+00
267 1.01307e+00 1.01692e+00
268 1.01199e+00 1.01680e+00
269 1.02213e+00 1.01679e+00
270 1.02377e+00 1.01649e+00
271 1.00469e+00 1.01639e+00
272 1.01250e+00 1.01685e+00
273 1.01674e+00 1.01644e+00
274 1.01915e+00 1.01657e+00
275 1.01625e+00 1.01685e+00
276 1.01076e+00 1.01693e+00
277 1.02604e+00 1.01639e+00
278 1.01164e+00 1.01677e+00
279 1.02363e+00 1.01609e+00
280 1.02627e+00 1.01617e+00
281 1.01190e+00 1.01597e+00
282 1.02472e+00 1.01638e+00
283 1.01209e+00 1.01635e+00
284 1.01750e+00 1.01635e+00
285 1.00101e+00 1.01640e+00
286 1.01177e+00 1.01618e+00
287 1.01725e+00 1.01604e+00
288 1.01390e+00 1.01608e+00
289 1.01499e+00 1.01567e+00
290 1.01543e+00 1.01546e+00
291 1.00306e+00 1.01542e+00
292 1.01880e+00 1.01491e+00
293 1.01571e+00 1.01500e+00
294 1.01681e+00 1.01476e+00
295 1.01537e+00 1.01429e+00
296 1.01692e+00 1.01434e+00
297 1.00882e+00 1.01499e+00
298 1.01153e+00 1.01536e+00
299 1.01061e+00 1.01520e+00
300 1.02057e+00 1.01527e+00
301 1.01145e+00 1.01515e+00
302 1.01263e+00 1.01468e+00
303 1.01629e+00 1.01432e+00
304 1.00918e+00 1.01446e+00
305 1.01524e+00 1.01433e+00
306 1.00436e+00 1.01433e+00
307 1.01211e+00 1.01385e+00
308 1.01367e+00 1.01425e+00
309 1.01657e+00 1.01428e+00
310 1.00831e+00 1.01450e+00
311 1.01338e+00 1.01443e+00
312 1.00611e+00 1.01369e+00
313 1.01899e+00 1.01397e+00
314 1.00131e+00 1.01358e+00
315 1.00219e+00 1.01367e+00
316 1.00884e+00 1.01360e+00
317 1.02358e+00 1.01404e+00
318 1.01703e+00 1.01406e+00
319 1.00963e+00 1.01417e+00
320 1.00621e+00 1.01360e+00
321 1.00536e+00 1.01464e+00
322 1.00493e+00 1.01412e+00
323 1.00454e+00 1.01331e+00
324 1.01151e+00 1.01351e+00
325 1.00727e+00 1.01333e+00
326 1.02115e+00 1.01291e+00
327 1.00759e+00 1.01313e+00
328 1.01041e+00 1.01378e+00
329 1.01372e+00 1.01378e+00
330 1.01085e+00 1.01344e+00
331 1.01610e+00 1.01314e+00
332 1.01187e+00 1.01312e+00
333 1.00949e+00 1.01269e+00
334 1.00698e+00 1.01270e+00
335 1.01132e+00 1.01300e+00
336 1.01288e+00 1.01294e+00
337 1.00563e+00 1.01258e+00
338 1.00875e+00 1.01248e+00
339 1.00324e+00 1.01231e+00
340 1.00579e+00 1.01249e+00
341 1.01525e+00 1.01294e+00
342 1.00282e+00 1.01280e+00
343 1.00859e+00 1.01248e+00
344 9.96693e-01 1.01279e+00
345 1.00428e+00 1.01215e+00
346 1.00749e+00 1.01247e+00
347 1.00538e+00 1.01262e+00
348 1.00655e+00 1.01223e+00
349 1.00845e+00 1.01238e+00
350 1.00995e+00 1.01200e+00
351 1.01117e+00 1.01266e+00
352 1.00670e+00 1.01239e+00
353 1.00956e+00 1.01223e+00
354 1.01395e+00 1.01190e+00
355 1.00288e+00 1.01159e+00
356 1.01184e+00 1.01142e+00
357 1.00989e+00 1.01129e+00
358 9.96558e-01 1.01134e+00
359 1.01192e+00 1.01139e+00
360 1.00316e+00 1.01126e+00
361 1.00811e+00 1.01129e+00
362 1.00727e+00 1.01156e+00
363 1.01416e+00 1.01142e+00
364 1.01415e+00 1.01175e+00
365 9.98444e-01 1.01144e+00
366 1.00670e+00 1.01122e+00
367 1.00502e+00 1.01115e+00
368 1.00390e+00 1.01167e+00
369 1.01097e+00 1.01164e+00
370 1.01559e+00 1.01146e+00
371 1.00205e+00 1.01150e+00
372 1.00496e+00 1.01156e+00
373 9.99951e-01 1.01123e+00
374 1.01164e+00 1.01165e+00
375 1.00381e+00 1.01174e+00
376 1.01097e+00 1.01154e+00
377 1.00520e+00 1.01142e+00
378 1.00237e+00 1.01156e+00
379 1.00700e+00 1.01151e+00
380 1.00618e+00 1.01149e+00
381 1.00852e+00 1.01112e+00
382 1.00210e+00 1.01084e+00
383 1.00802e+00 1.01080e+00
384 1.00584e+00 1.01042e+00
385 9.97882e-01 1.01077e+00
386 1.00665e+00 1.01099e+00
387 1.00770e+00 1.01048e+00
388 1.00640e+00 1.01030e+00
389 1.00594e+00 1.01038e+00
390 9.97986e-01 1.00968e+00
391 1.00502e+00 1.00968e+00
392 1.01078e+00 1.01024e+00
393 1.00252e+00 1.01023e+00
394 1.00944e+00 1.01040e+00
395 1.00242e+00 1.01075e+00
396 1.00559e+00 1.01026e+00
397 1.00489e+00 1.01036e+00
398 9.97745e-01 1.01063e+00
399 1.00928e+00 1.01033e+00
400 1.00889e+00 1.01058e+00
401 1.00739e+00 1.01061e+00
402 1.00312e+00 1.01041e+00
403 1.00440e+00 1.01032e+00
404 9.98644e-01 1.00993e+00
405 1.00390e+00 1.00993e+00
406 1.00965e+00 1.01029e+00
407 1.00765e+00 1.01020e+00
408 1.00451e+00 1.01035e+00
409 1.00539e+00 1.01022e+00
410 1.00672e+00 1.00938e+00
411 1.00945e+00 1.00946e+00
412 1.01181e+00 1.01000e+00
413 1.00409e+00 1.00968e+00
414 1.00603e+00 1.00922e+00
415 1.01208e+00 1.00938e+00
416 1.00276e+00 1.00968e+00
417 1.00709e+00 1.00927e+00
418 1.00734e+00 1.00936e+00
419 9.98640e-01 1.00951e+00
420 9.92954e-01 1.00879e+00
421 1.01382e+00 1.00903e+00
422 1.00582e+00 1.00919e+00
423 1.00004e+00 1.00907e+00
424 1.00595e+00 1.00932e+00
425 1.01105e+00 1.00878e+00
426 1.00261e+00 1.00932e+00
427 1.00158e+00 1.00908e+00
428 1.00493e+00 1.00882e+00
429 1.00552e+00 1.00838e+00
430 1.00846e+00 1.00876e+00
431 1.00060e+00 1.00900e+00
432 1.00005e+00 1.00900e+00
433 1.00137e+00 1.00868e+00
434 1.00965e+00 1.00816e+00
435 1.00604e+00 1.00830e+00
436 1.00127e+00 1.00834e+00
437 9.94045e-01 1.00844e+00
438 1.00222e+00 1.00854e+00
439 9.99138e-01 1.00813e+00
440 1.01130e+00 1.00797e+00
441 1.00255e+00 1.00791e+00
442 9.99487e-01 1.00811e+00
443 9.93588e-01 1.00771e+00
444 9.92855e-01 1.00865e+00
445 1.00251e+00 1.00835e+00
446 1.00221e+00 1.00833e+00
447 9.95846e-01 1.00828e+00
448 9.96236e-01 1.00872e+00
449 9.82521e-01 1.00893e+00
450 9.98671e-01 1.00887e+00
451 9.97932e-01 1.00844e+00
452 9.97033e-01 1.00849e+00
453 1.00494e+00 1.00868e+00
454 9.96122e-01 1.00828e+00
455 1.00975e+00 1.00782e+00
456 9.98930e-01 1.00759e+00
457 1.00434e+00 1.00750e+00
458 1.00212e+00 1.00735e+00
459 9.99800e-01 1.00770e+00
460 9.98763e-01 1.00761e+00
461 9.94889e-01 1.00767e+00
462 1.00098e+00 1.00776e+00
463 9.99295e-01 1.00745e+00
464 1.00625e+00 1.00790e+00
465 1.00562e+00 1.00833e+00
466 1.00335e+00 1.00790e+00
467 1.00235e+00 1.00746e+00
468 1.00077e+00 1.00742e+00
469 9.97131e-01 1.00702e+00
470 1.00227e+00 1.00729e+00
471 9.98671e-01 1.00714e+00
472 9.98126e-01 1.00674e+00
473 1.00815e+00 1.00688e+00
474 9.92216e-01 1.00664e+00
475 9.98377e-01 1.00669e+00
476 1.00529e+00 1.00715e+00
477 1.00729e+00 1.00720e+00
478 1.00224e+00 1.00740e+00
479 1.00301e+00 1.00717e+00
480 1.00391e+00 1.00697e+00
481 1.00630e+00 1.00728e+00
482 9.99388e-01 1.00738e+00
483 1.00082e+00 1.00732e+00
484 1.00440e+00 1.00776e+00
485 1.00698e+00 1.00738e+00
486 1.00290e+00 1.00761e+00
487 9.91813e-01 1.00740e+00
488 9.95484e-01 1.00782e+00
489 1.00166e+00 1.00719e+00
490 1.00955e+00 1.00758e+00
491 9.95431e-01 1.00789e+00
492 9.88019e-01 1.00781e+00
493 9.98954e-01 1.00700e+00
494 9.95109e-01 1.00679e+00
495 9.98415e-01 1.00701e+00
496 9.92448e-01 1.00714e+00
497 1.00547e+00 1.00731e+00
498 1.00610e+00 1.00653e+00
499 1.00185e+00 1.00726e+00
500 9.90703e-01 1.00744e+00
501 9.97056e-01 1.00699e+00
502 9.90985e-01 1.00691e+00
503 9.94393e-01 1.00700e+00
504 1.00090e+00 1.00699e+00
505 9.93001e-01 1.00690e+00
506 9.93228e-01 1.00716e+00
507 9.99080e-01 1.00678e+00
508 1.00571e+00 1.00665e+00
509 9.91107e-01 1.00685e+00
510 9.93751e-01 1.00668e+00
511 1.00016e+00 1.00630e+00
512 1.00493e+00 1.00626e+00
513 9.97633e-01 1.00644e+00
514 9.99727e-01 1.00626e+00
515 1.00214e+00 1.00612e+00
516 1.00060e+00 1.00618e+00
517 9.95454e-01 1.00610e+00
518 9.96438e-01 1.00638e+00
519 1.00575e+00 1.00612e+00
520 1.00037e+00 1.00580e+00
521 1.00087e+00 1.00630e+00
522 9.93086e-01 1.00616e+00
523 1.00050e+00 1.00610e+00
524 9.95188e-01 1.00583e+00
525 1.00359e+00 1.00552e+00
526 9.93748e-01 1.00595e+00
527 9.99387e-01 1.00603e+00
528 9.99731e-01 1.00566e+00
529 9.93896e-01 1.00586e+00
530 9.93201e-01 1.00568e+00
531 1.00845e+00 1.00541e+00
532 1.00342e+00 1.00573e+00
533 9.99925e-01 1.00588e+00
534 9.91628e-01 1.00563e+00
535 9.94803e-01 1.00570e+00
536 9.94316e-01 1.00583e+00
537 9.97324e-01 1.00602e+00
538 9.92516e-01 1.00548e+00
539 9.95024e-01 1.00586e+00
540 9.98766e-01 1.00553e+00
541 9.97331e-01 1.00572e+00
542 1.00626e+00 1.00552e+00
543 1.00048e+00 1.00527e+00
544 1.00018e+00 1.00497e+00
545 9.87145e-01 1.00551e+00
546 9.82273e-01 1.00611e+00
547 9.93210e-01 1.00560e+00
548 9.87215e-01 1.00522e+00
549 9.90662e-01 1.00520e+00
550 1.00069e+00 1.00559e+00
551 1.00295e+00 1.00483e+00
552 9.92645e-01 1.00470e+00
553 9.99614e-01 1.00503e+00
554 1.00087e+00 1.00489e+00
555 1.00401e+00 1.00501e+00
556 9.95209e-01 1.00557e+00
557 9.93957e-01 1.00549e+00
558 1.00231e+00 1.00569e+00
559 9.92825e-01 1.00505e+00
560 9.95874e-01 1.00481e+00
561 9.91451e-01 1.00527e+00
562 9.98645e-01 1.00470e+00
563 9.93736e-01 1.00490e+00
564 9.98928e-01 1.00465e+00
565 9.96375e-01 1.00424e+00
566 9.97338e-01 1.00400e+00
567 9.92278e-01 1.00433e+00
568 9.93031e-01 1.00404e+00
569 1.00039e+00 1.00417e+00
570 9.93835e-01 1.00432e+00
571 9.85024e-01 1.00468e+00
572 9.95343e-01 1.00453e+00
573 9.90949e-01 1.00446e+00
574 9.87243e-01 1.00445e+00
575 9.93534e-01 1.00475e+00
576 1.00270e+00 1.00470e+00
577 9.99981e-01 1.00396e+00
578 9.98636e-01 1.00395e+00
579 9.91418e-01 1.00375e+00
580 9.91093e-01 1.00409e+00
581 9.98274e-01 1.00410e+00
582 9.95619e-01 1.00371e+00
583 9.90745e-01 1.00405e+00
584 9.98253e-01 1.00399e+00
585 9.92679e-01 1.00422e+00
586 9.98870e-01 1.00416e+00
587 9.96838e-01 1.00391e+00
588 9.98586e-01 1.00402e+00
589 9.92239e-01 1.00483e+00
590 9.90430e-01 1.00486e+00
591 9.75861e-01 1.00427e+00
592 1.00435e+00 1.00456e+00
593 1.00026e+00 1.00434e+00
594 9.95585e-01 1.00353e+00
595 9.95989e-01 1.00358e+00
596 1.00077e+00 1.00328e+00
597 1.00600e+00 1.00365e+00
598 9.93861e-01 1.00390e+00
599 9.89248e-01 1.00383e+00
600 9.96624e-01 1.00374e+00
601 9.92450e-01 1.00370e+00
602 9.86791e-01 1.00395e+00
603 9.87323e-01 1.00391e+00
604 9.93376e-01 1.00389e+00
605 9.97987e-01 1.00422e+00
606 9.92663e-01 1.00409e+00
607 9.94965e-01 1.00399e+00
608 9.91903e-01 1.00379e+00
609 9.84590e-01 1.00399e+00
610 9.98204e-01 1.00406e+00
611 9.87339e-01 1.00382e+00
612 9.89964e-01 1.00394e+00
613 9.96743e-01 1.00394e+00
614 9.93122e-01 1.00372e+00
615 9.88381e-01 1.00376e+00
616 9.96157e-01 1.00374e+00
617 9.91753e-01 1.00397e+00
618 9.90741e-01 1.00385e+00
619 9.90608e-01 1.00347e+00
620 9.93161e-01 1.00335e+00
621 9.95737e-01 1.00314e+00
622 1.00646e+00 1.00334e+00
623 9.82083e-01 1.00341e+00
624 9.88116e-01 1.00336e+00
625 9.94247e-01 1.00318e+00
626 9.89306e-01 1.00366e+00
627 9.88305e-01 1.00339e+00
628 9.93442e-01 1.00354e+00
629 1.00194e+00 1.00371e+00
630 9.89047e-01 1.00384e+00
631 1.00765e+00 1.00414e+00
632 9.92372e-01 1.00379e+00
633 9.88382e-01 1.00341e+00
634 9.88243e-01 1.00344e+00
635 9.97240e-01 1.00342e+00
636 9.86607e-01 1.00331e+00
637 9.96316e-01 1.00275e+00
638 1.00088e+00 1.00267e+00
639 9.94789e-01 1.00303e+00
640 9.86645e-01 1.00250e+00
641 9.86562e-01 1.00248e+00
642 9.99701e-01 1.00285e+00
643 9.92740e-01 1.00282e+00
644 9.94152e-01 1.00310e+00
645 9.89675e-01 1.00295e+00
646 9.96943e-01 1.00260e+00
647 9.91451e-01 1.00246e+00
648 9.95753e-01 1.00194e+00
649 9.99258e-01 1.00195e+00
650 9.86481e-01 1.00207e+00
651 1.00459e+00 1.00214e+00
652 9.92827e-01 1.00209e+00
653 9.90313e-01 1.00204e+00
654 9.86870e-01 1.00212e+00
655 9.83904e-01 1.00235e+00
656 9.99374e-01 1.00190e+00
657 9.96969e-01 1.00225e+00
658 9.87235e-01 1.00232e+00
659 9.88630e-01 1.00260e+00
660 9.83309e-01 1.00246e+00
661 9.93765e-01 1.00262e+00
662 9.96820e-01 1.00290e+00
663 9.95867e-01 1.00242e+00
664 9.83610e-01 1.00251e+00
665 9.92006e-01 1.00230e+00
666 9.85553e-01 1.00223e+00
667 9.90578e-01 1.00195e+00
668 9.85859e-01 1.00234e+00
669 9.83523e-01 1.00241e+00
670 9.89855e-01 1.00232e+00
671 1.00155e+00 1.00226e+00
672 9.85940e-01 1.00219e+00
673 9.95959e-01 1.00191e+00
674 9.92990e-01 1.00149e+00
675 9.90031e-01 1.00168e+00
676 1.00005e+00 1.00210e+00
677 9.81757e-01 1.00260e+00
678 9.88837e-01 1.00226e+00
679 9.84721e-01 1.00201e+00
680 9.98263e-01 1.00179e+00
681 9.85001e-01 1.00135e+00
682 9.91135e-01 1.00087e+00
683 9.86173e-01 1.00056e+00
684 9.84472e-01 1.00094e+00
685 1.00542e+00 1.00095e+00
686 9.96804e-01 1.00093e+00
687 9.95616e-01 1.00064e+00
688 9.88304e-01 1.00097e+00
689 9.91010e-01 1.00109e+00
690 9.85141e-01 1.00091e+00
691 9.89663e-01 1.00129e+00
692 9.96043e-01 1.00105e+00
693 9.97151e-01 1.00140e+00
694 9.89390e-01 1.00105e+00
695 9.93633e-01 1.00106e+00
696 9.93034e-01 1.00114e+00
697 9.99742e-01 1.00116e+00
698 9.82372e-01 1.00123e+00
699 9.87402e-01 1.00114e+00
700 9.82585e-01 1.00138e+00
701 9.92245e-01 1.00114e+00
702 9.85582e-01 1.00127e+00
703 9.90614e-01 1.00101e+00
704 9.87352e-01 1.00129e+00
705 9.83308e-01 1.00082e+00
706 9.82010e-01 1.00148e+00
707 9.86675e-01 1.00178e+00
708 9.94700e-01 1.00150e+00
709 9.89413e-01 1.00145e+00
710 9.91102e-01 1.00087e+00
711 9.85651e-01 1.00078e+00
712 9.89381e-01 1.00062e+00
713 9.91852e-01 1.00048e+00
714 9.98783e-01 1.00009e+00
715 9.84493e-01 1.00022e+00
716 9.82904e-01 1.00004e+00
717 9.89101e-01 1.00006e+00
718 9.93592e-01 1.00003e+00
719 9.90217e-01 1.00038e+00
720 9.87715e-01 1.00006e+00
721 9.82169e-01 9.99715e-01
722 9.89689e-01 9.99570e-01
723 9.94407e-01 9.99733e-01
724 9.92661e-01 9.99838e-01
725 9.86001e-01 9.99653e-01
726 9.88714e-01 9.99875e-01
727 9.86101e-01 9.99980e-01
728 9.90384e-01 9.99861e-01
729 9.87405e-01 1.00011e+00
730 9.90384e-01 9.99788e-01
731 9.89910e-01 9.99754e-01
732 9.86581e-01 9.99803e-01
733 9.85981e-01 9.99801e-01
734 9.84928e-01 9.99986e-01
735 9.91545e-01 9.99681e-01
736 1.00072e+00 9.99498e-01
737 9.79051e-01 9.99216e-01
738 9.86054e-01 9.99437e-01
739 9.90581e-01 9.99397e-01
740 9.87635e-01 9.99551e-01
741 9.85042e-01 9.99744e-01
742 9.89010e-01 9.99509e-01
743 9.82987e-01 9.99758e-01
744 9.92376e-01 9.99683e-01
745 9.90615e-01 9.99201e-01
746 9.81986e-01 9.99328e-01
747 9.89734e-01 9.99464e-01
748 9.95309e-01 9.99667e-01
749 1.00318e+00 9.99475e-01
750 9.92153e-01 9.99579e-01
751 9.81999e-01 9.99165e-01
752 9.82298e-01 9.99218e-01
753 9.78525e-01 9.99189e-01
754 9.92661e-01 9.99554e-01
755 9.85654e-01 9.99383e-01
756 9.73817e-01 9.99351e-01
757 9.92633e-01 9.99804e-01
758 9.97254e-01 9.99589e-01
759 9.88045e-01 9.99497e-01
760 9.83318e-01 9.99009e-01
761 9.85060e-01 9.98970e-01
762 9.89560e-01 9.99357e-01
763 9.81807e-01 9.99343e-01
764 9.74461e-01 9.99572e-01
765 9.89864e-01 9.99119e-01
766 9.93300e-01 9.99040e-01
767 9.87165e-01 9.98893e-01
768 9.90958e-01 9.98787e-01
769 9.84090e-01 9.98449e-01
770 9.87598e-01 9.98664e-01
771 9.88164e-01 9.98455e-01
772 9.91660e-01 9.98229e-01
773 9.87091e-01 9.98597e-01
774 9.80873e-01 9.98570e-01
775 9.88605e-01 9.98582e-01
776 9.95130e-01 9.98602e-01
777 9.92846e-01 9.98269e-01
778 9.88735e-01 9.98398e-01
779 9.82942e-01 9.98189e-01
780 9.84944e-01 9.98289e-01
781 9.84547e-01 9.98282e-01
782 9.74834e-01 9.98281e-01
783 9.91664e-01 9.98244e-01
784 9.88342e-01 9.98203e-01
785 9.82587e-01 9.97999e-01
786 9.86180e-01 9.97931e-01
787 9.88695e-01 9.98260e-01
788 9.83309e-01 9.97705e-01
789 9.90510e-01 9.98132e-01
790 9.79908e-01 9.98137e-01
791 9.87933e-01 9.97875e-01
792 9.94499e-01 9.98049e-01
793 9.90546e-01 9.98363e-01
794 9.91921e-01 9.97985e-01
795 9.91565e-01 9.98370e-01
796 9.85034e-01 9.98839e-01
797 9.87795e-01 9.98130e-01
798 9.86636e-01 9.97964e-01
799 9.89813e-01 9.97896e-01
800 9.95348e-01 9.97844e-01
801 9.82215e-01 9.98164e-01
802 9.86660e-01 9.97715e-01
803 1.00039e+00 9.97640e-01
804 9.79670e-01 9.98274e-01
805 9.88622e-01 9.98502e-01
806 9.89775e-01 9.98589e-01
807 9.89536e-01 9.98386e-01
808 9.87530e-01 9.98332e-01
809 9.89603e-01 9.98479e-01
810 9.91459e-01 9.98300e-01
811 9.88900e-01 9.98298e-01
812 9.88404e-01 9.98347e-01
813 9.88177e-01 9.98246e-01
814 9.81681e-01 9.98254e-01
815 9.88323e-01 9.98183e-01
816 9.81340e-01 9.98472e-01
817 9.94009e-01 9.97943e-01
818 9.81743e-01 9.98139e-01
819 9.90565e-01 9.98412e-01
820 9.78233e-01 9.98249e-01
821 9.86515e-01 9.98090e-01
822 9.77115e-01 9.97597e-01
823 9.80788e-01 9.97520e-01
824 9.93806e-01 9.97695e-01
825 9.91781e-01 9.97501e-01
826 9.80137e-01 9.97366e-01
827 9.77094e-01 9.97711e-01
828 9.85948e-01 9.97544e-01
829 9.90806e-01 9.97665e-01
830 9.81235e-01 9.97265e-01
831 9.93727e-01 9.97156e-01
832 9.88657e-01 9.97189e-01
833 9.87945e-01 9.96856e-01
834 9.83418e-01 9.97068e-01
835 9.83809e-01 9.97203e-01
836 9.87187e-01 9.97292e-01
837 9.80186e-01 9.97126e-01
838 9.83125e-01 9.97078e-01
839 9.87076e-01 9.97180e-01
840 9.87708e-01 9.96976e-01
841 9.77553e-01 9.96438e-01
842 9.82000e-01 9.96641e-01
843 9.90221e-01 9.96527e-01
844 9.85821e-01 9.96502e-01
845 9.85412e-01 9.96836e-01
846 9.94310e-01 9.96882e-01
847 9.81489e-01 9.96969e-01
848 9.86244e-01 9.97077e-01
849 9.79694e-01 9.97170e-01
850 9.84100e-01 9.96876e-01
851 9.79755e-01 9.96961e-01
852 9.86011e-01 9.96971e-01
853 9.85359e-01 9.96874e-01
854 9.84273e-01 9.96891e-01
855 9.83149e-01 9.97178e-01
856 9.83469e-01 9.97009e-01
857 9.88435e-01 9.97419e-01
858 9.90249e-01 9.96965e-01
859 9.82189e-01 9.97056e-01
860 9.85206e-01 9.96827e-01
861 9.88736e-01 9.96660e-01
862 9.88859e-01 9.96556e-01
863 9.84949e-01 9.96536e-01
864 9.85412e-01 9.96499e-01
865 9.76973e-01 9.97259e-01
866 9.74422e-01 9.97461e-01
867 9.88009e-01 9.97444e-01
868 9.72898e-01 9.97683e-01
869 9.92038e-01 9.97703e-01
870 9.82336e-01 9.97163e-01
871 9.96749e-01 9.96822e-01
872 9.92926e-01 9.97053e-01
873 9.81321e-01 9.96944e-01
874 9.78388e-01 9.96832e-01
875 9.90798e-01 9.96699e-01
876 9.78855e-01 9.96877e-01
877 9.74879e-01 9.96783e-01
878 9.83732e-01 9.96898e-01
879 9.83364e-01 9.96412e-01
880 9.82494e-01 9.96454e-01
881 9.85660e-01 9.96975e-01
882 9.79131e-01 9.96216e-01
883 9.74541e-01 9.96903e-01
884 9.83101e-01 9.96424e-01
885 9.89523e-01 9.96746e-01
886 9.84317e-01 9.96510e-01
887 9.73325e-01 9.96585e-01
888 9.79557e-01 9.96767e-01
889 9.92031e-01 9.96597e-01
890 9.79439e-01 9.96622e-01
891 9.82650e-01 9.96806e-01
892 9.74896e-01 9.96371e-01
893 9.78711e-01 9.96503e-01
894 9.92333e-01 9.95752e-01
895 9.92812e-01 9.95806e-01
896 9.82361e-01 9.96008e-01
897 9.79801e-01 9.96141e-01
898 9.76270e-01 9.96397e-01
899 9.81534e-01 9.96295e-01
900 9.86346e-01 9.95937e-01
901 9.80074e-01 9.95913e-01
902 9.82237e-01 9.95763e-01
903 9.78035e-01 9.95862e-01
904 9.82263e-01 9.95816e-01
905 9.83535e-01 9.96281e-01
906 9.92804e-01 9.96249e-01
907 9.75727e-01 9.96370e-01
908 9.87712e-01 9.96178e-01
909 9.82815e-01 9.96020e-01
910 9.75109e-01 9.96229e-01
911 9.74257e-01 9.96216e-01
912 9.79831e-01 9.95912e-01
913 9.85034e-01 9.96232e-01
914 9.91688e-01 9.95681e-01
915 9.75965e-01 9.95376e-01
916 9.85775e-01 9.95718e-01
917 9.87975e-01 9.95650e-01
918 9.76124e-01 9.95785e-01
919 9.76533e-01 9.95702e-01
920 9.86118e-01 9.95942e-01
921 9.88639e-01 9.95904e-01
922 9.89031e-01 9.95917e-01
923 9.81521e-01 9.96158e-01
924 9.84141e-01 9.96228e-01
925 9.79502e-01 9.96619e-01
926 9.85075e-01 9.96311e-01
927 9.81550e-01 9.95814e-01
928 9.92144e-01 9.95801e-01
929 9.76397e-01 9.96241e-01
930 9.78652e-01 9.96099e-01
931 9.83462e-01 9.96242e-01
932 9.81411e-01 9.95935e-01
933 9.82844e-01 9.95728e-01
934 9.90181e-01 9.95171e-01
935 9.82740e-01 9.95731e-01
936 9.76467e-01 9.95426e-01
937 9.80560e-01 9.95819e-01
938 9.81738e-01 9.95692e-01
939 9.77437e-01 9.95467e-01
940 9.93013e-01 9.95225e-01
941 9.76051e-01 9.95470e-01
942 9.85034e-01 9.95433e-01
943 9.84460e-01 9.95662e-01
944 9.78979e-01 9.95505e-01
945 9.77505e-01 9.95378e-01
946 9.71581e-01 9.95132e-01
947 9.68777e-01 9.94774e-01
948 9.86422e-01 9.94645e-01
949 9.77250e-01 9.94577e-01
950 9.77394e-01 9.94371e-01
951 9.87327e-01 9.94610e-01
952 9.72214e-01 9.94510e-01
953 9.73016e-01 9.94540e-01
954 9.88352e-01 9.93882e-01
955 9.83489e-01 9.94279e-01
956 9.78902e-01 9.94857e-01
957 9.78636e-01 9.94932e-01
958 9.88184e-01 9.94844e-01
959 9.67595e-01 9.94512e-01
960 9.79587e-01 9.94802e-01
961 9.80854e-01 9.94817e-01
962 9.81620e-01 9.94872e-01
963 9.81709e-01 9.94743e-01
964 9.82917e-01 9.94773e-01
965 9.80685e-01 9.94646e-01
966 9.70374e-01 9.94501e-01
967 9.85372e-01 9.94651e-01
968 9.79233e-01 9.94440e-01
969 9.84053e-01 9.94584e-01
970 9.77077e-01 9.95004e-01
971 9.73915e-01 9.94568e-01
972 9.79020e-01 9.94268e-01
973 9.83196e-01 9.94286e-01
974 9.84515e-01 9.94709e-01
975 9.78734e-01 9.94663e-01
976 9.81548e-01 9.94798e-01
977 9.77044e-01 9.94846e-01
978 9.83936e-01 9.94633e-01
979 9.77467e-01 9.94460e-01
980 9.79646e-01 9.94573e-01
981 9.79741e-01 9.94859e-01
982 9.78936e-01 9.94772e-01
983 9.84071e-01 9.94349e-01
984 9.85939e-01 9.94614e-01
985 9.75494e-01 9.94432e-01
986 9.72410e-01 9.94420e-01
987 9.72298e-01 9.94704e-01
988 9.79541e-01 9.94694e-01
989 9.77364e-01 9.94731e-01
990 9.64474e-01 9.94781e-01
991 9.86230e-01 9.95461e-01
992 9.86721e-01 9.94923e-01
993 9.81045e-01 9.94954e-01
994 9.80566e-01 9.95018e-01
995 9.77354e-01 9.94867e-01
996 9.74384e-01 9.94655e-01
997 9.83512e-01 9.94354e-01
998 9.85300e-01 9.94623e-01
999 9.79275e-01 9.94379e-01
