training dataset: fesc_test
seed = 5
umFeatures = 5
Feature List: SFRs, Mstars, masses, redshifts, fgases
fluxSize = 4
batch_size = 256
epochs     = 1000
0 epoch  1 train loss  2 test loss
0 1.36430e+00 1.35215e+00
1 1.36615e+00 1.35061e+00
2 1.36185e+00 1.34908e+00
3 1.36329e+00 1.34751e+00
4 1.35920e+00 1.34599e+00
5 1.35902e+00 1.34449e+00
6 1.35591e+00 1.34298e+00
7 1.35724e+00 1.34147e+00
8 1.35309e+00 1.34000e+00
9 1.34886e+00 1.33854e+00
10 1.34921e+00 1.33709e+00
11 1.34880e+00 1.33566e+00
12 1.34894e+00 1.33423e+00
13 1.34330e+00 1.33280e+00
14 1.34118e+00 1.33136e+00
15 1.33860e+00 1.32998e+00
16 1.33006e+00 1.32858e+00
17 1.34068e+00 1.32724e+00
18 1.33334e+00 1.32586e+00
19 1.33496e+00 1.32451e+00
20 1.33132e+00 1.32316e+00
21 1.32779e+00 1.32183e+00
22 1.32648e+00 1.32053e+00
23 1.33008e+00 1.31921e+00
24 1.32607e+00 1.31789e+00
25 1.32143e+00 1.31659e+00
26 1.32104e+00 1.31533e+00
27 1.31761e+00 1.31404e+00
28 1.32006e+00 1.31280e+00
29 1.31945e+00 1.31156e+00
30 1.31459e+00 1.31031e+00
31 1.31683e+00 1.30910e+00
32 1.31599e+00 1.30789e+00
33 1.31465e+00 1.30667e+00
34 1.31044e+00 1.30549e+00
35 1.30845e+00 1.30429e+00
36 1.30625e+00 1.30310e+00
37 1.29930e+00 1.30196e+00
38 1.29908e+00 1.30080e+00
39 1.30681e+00 1.29965e+00
40 1.30441e+00 1.29854e+00
41 1.29681e+00 1.29743e+00
42 1.29657e+00 1.29632e+00
43 1.30248e+00 1.29522e+00
44 1.29893e+00 1.29409e+00
45 1.29590e+00 1.29304e+00
46 1.29647e+00 1.29196e+00
47 1.29274e+00 1.29088e+00
48 1.29002e+00 1.28984e+00
49 1.29140e+00 1.28878e+00
50 1.28792e+00 1.28772e+00
51 1.28888e+00 1.28669e+00
52 1.28911e+00 1.28567e+00
53 1.28725e+00 1.28467e+00
54 1.28389e+00 1.28364e+00
55 1.27797e+00 1.28266e+00
56 1.28381e+00 1.28166e+00
57 1.27990e+00 1.28067e+00
58 1.27932e+00 1.27968e+00
59 1.27856e+00 1.27870e+00
60 1.28328e+00 1.27773e+00
61 1.27504e+00 1.27677e+00
62 1.27951e+00 1.27583e+00
63 1.27442e+00 1.27488e+00
64 1.26838e+00 1.27396e+00
65 1.27122e+00 1.27303e+00
66 1.27335e+00 1.27212e+00
67 1.27126e+00 1.27117e+00
68 1.26454e+00 1.27028e+00
69 1.26608e+00 1.26941e+00
70 1.26702e+00 1.26854e+00
71 1.26224e+00 1.26766e+00
72 1.26761e+00 1.26679e+00
73 1.26599e+00 1.26593e+00
74 1.26037e+00 1.26509e+00
75 1.26406e+00 1.26424e+00
76 1.26283e+00 1.26341e+00
77 1.25921e+00 1.26256e+00
78 1.26016e+00 1.26173e+00
79 1.25955e+00 1.26093e+00
80 1.25665e+00 1.26011e+00
81 1.25385e+00 1.25932e+00
82 1.25477e+00 1.25852e+00
83 1.25788e+00 1.25771e+00
84 1.25946e+00 1.25692e+00
85 1.25033e+00 1.25614e+00
86 1.25173e+00 1.25534e+00
87 1.25096e+00 1.25455e+00
88 1.24818e+00 1.25381e+00
89 1.25079e+00 1.25305e+00
90 1.24776e+00 1.25231e+00
91 1.24340e+00 1.25157e+00
92 1.24630e+00 1.25082e+00
93 1.24504e+00 1.25008e+00
94 1.23958e+00 1.24936e+00
95 1.24190e+00 1.24863e+00
96 1.24011e+00 1.24794e+00
97 1.23938e+00 1.24722e+00
98 1.24003e+00 1.24652e+00
99 1.23493e+00 1.24584e+00
100 1.23751e+00 1.24514e+00
101 1.23325e+00 1.24444e+00
102 1.23458e+00 1.24374e+00
103 1.23675e+00 1.24309e+00
104 1.23221e+00 1.24243e+00
105 1.22954e+00 1.24176e+00
106 1.23360e+00 1.24108e+00
107 1.23051e+00 1.24044e+00
108 1.23513e+00 1.23977e+00
109 1.22910e+00 1.23913e+00
110 1.22822e+00 1.23847e+00
111 1.22740e+00 1.23783e+00
112 1.22926e+00 1.23718e+00
113 1.22694e+00 1.23656e+00
114 1.22691e+00 1.23592e+00
115 1.22718e+00 1.23531e+00
116 1.22339e+00 1.23470e+00
117 1.22332e+00 1.23411e+00
118 1.22327e+00 1.23349e+00
119 1.22885e+00 1.23289e+00
120 1.22398e+00 1.23229e+00
121 1.21332e+00 1.23170e+00
122 1.22046e+00 1.23111e+00
123 1.22139e+00 1.23051e+00
124 1.21857e+00 1.22994e+00
125 1.21711e+00 1.22937e+00
126 1.22231e+00 1.22880e+00
127 1.21336e+00 1.22821e+00
128 1.22061e+00 1.22765e+00
129 1.21797e+00 1.22708e+00
130 1.21530e+00 1.22654e+00
131 1.22207e+00 1.22597e+00
132 1.21149e+00 1.22545e+00
133 1.21657e+00 1.22491e+00
134 1.20892e+00 1.22437e+00
135 1.21229e+00 1.22384e+00
136 1.20950e+00 1.22332e+00
137 1.20993e+00 1.22278e+00
138 1.20973e+00 1.22226e+00
139 1.21081e+00 1.22174e+00
140 1.20491e+00 1.22121e+00
141 1.21086e+00 1.22069e+00
142 1.20885e+00 1.22019e+00
143 1.21296e+00 1.21967e+00
144 1.20470e+00 1.21916e+00
145 1.20501e+00 1.21866e+00
146 1.20389e+00 1.21815e+00
147 1.20534e+00 1.21766e+00
148 1.20359e+00 1.21716e+00
149 1.20163e+00 1.21668e+00
150 1.20752e+00 1.21620e+00
151 1.20536e+00 1.21572e+00
152 1.20220e+00 1.21524e+00
153 1.20033e+00 1.21477e+00
154 1.19901e+00 1.21428e+00
155 1.19907e+00 1.21383e+00
156 1.19992e+00 1.21335e+00
157 1.19948e+00 1.21288e+00
158 1.19529e+00 1.21242e+00
159 1.19400e+00 1.21196e+00
160 1.19503e+00 1.21150e+00
161 1.19433e+00 1.21104e+00
162 1.19377e+00 1.21059e+00
163 1.19525e+00 1.21013e+00
164 1.19795e+00 1.20968e+00
165 1.19276e+00 1.20922e+00
166 1.19149e+00 1.20876e+00
167 1.18958e+00 1.20834e+00
168 1.19189e+00 1.20789e+00
169 1.19350e+00 1.20744e+00
170 1.19152e+00 1.20703e+00
171 1.19416e+00 1.20660e+00
172 1.19032e+00 1.20617e+00
173 1.18821e+00 1.20573e+00
174 1.18427e+00 1.20531e+00
175 1.19057e+00 1.20488e+00
176 1.18737e+00 1.20446e+00
177 1.18508e+00 1.20405e+00
178 1.17990e+00 1.20364e+00
179 1.18642e+00 1.20323e+00
180 1.18397e+00 1.20283e+00
181 1.18656e+00 1.20241e+00
182 1.18391e+00 1.20201e+00
183 1.18458e+00 1.20161e+00
184 1.18458e+00 1.20122e+00
185 1.18591e+00 1.20083e+00
186 1.18662e+00 1.20042e+00
187 1.18642e+00 1.20004e+00
188 1.18406e+00 1.19965e+00
189 1.18778e+00 1.19927e+00
190 1.17953e+00 1.19887e+00
191 1.18268e+00 1.19849e+00
192 1.17827e+00 1.19808e+00
193 1.18663e+00 1.19771e+00
194 1.17714e+00 1.19735e+00
195 1.17797e+00 1.19697e+00
196 1.17128e+00 1.19660e+00
197 1.17769e+00 1.19623e+00
198 1.17122e+00 1.19586e+00
199 1.18048e+00 1.19550e+00
200 1.17762e+00 1.19513e+00
201 1.17410e+00 1.19476e+00
202 1.18077e+00 1.19439e+00
203 1.17854e+00 1.19402e+00
204 1.17465e+00 1.19368e+00
205 1.17778e+00 1.19331e+00
206 1.17369e+00 1.19295e+00
207 1.17667e+00 1.19259e+00
208 1.17312e+00 1.19223e+00
209 1.17194e+00 1.19191e+00
210 1.17985e+00 1.19157e+00
211 1.17340e+00 1.19122e+00
212 1.17255e+00 1.19086e+00
213 1.16939e+00 1.19051e+00
214 1.17183e+00 1.19016e+00
215 1.16798e+00 1.18981e+00
216 1.16796e+00 1.18947e+00
217 1.16061e+00 1.18914e+00
218 1.17071e+00 1.18879e+00
219 1.16905e+00 1.18847e+00
220 1.16724e+00 1.18815e+00
221 1.16256e+00 1.18781e+00
222 1.17088e+00 1.18748e+00
223 1.17030e+00 1.18714e+00
224 1.16179e+00 1.18680e+00
225 1.16845e+00 1.18646e+00
226 1.17038e+00 1.18614e+00
227 1.16636e+00 1.18581e+00
228 1.16672e+00 1.18549e+00
229 1.16734e+00 1.18517e+00
230 1.16387e+00 1.18487e+00
231 1.16959e+00 1.18454e+00
232 1.16245e+00 1.18421e+00
233 1.15948e+00 1.18391e+00
234 1.16137e+00 1.18362e+00
235 1.16518e+00 1.18330e+00
236 1.16051e+00 1.18298e+00
237 1.16676e+00 1.18268e+00
238 1.16051e+00 1.18236e+00
239 1.16525e+00 1.18206e+00
240 1.15807e+00 1.18173e+00
241 1.16028e+00 1.18145e+00
242 1.15917e+00 1.18115e+00
243 1.16138e+00 1.18083e+00
244 1.16312e+00 1.18051e+00
245 1.16074e+00 1.18022e+00
246 1.15903e+00 1.17991e+00
247 1.15970e+00 1.17961e+00
248 1.15463e+00 1.17931e+00
249 1.15640e+00 1.17900e+00
250 1.15628e+00 1.17870e+00
251 1.15894e+00 1.17840e+00
252 1.15505e+00 1.17812e+00
253 1.15437e+00 1.17784e+00
254 1.15657e+00 1.17756e+00
255 1.15867e+00 1.17726e+00
256 1.15432e+00 1.17697e+00
257 1.15694e+00 1.17669e+00
258 1.15563e+00 1.17639e+00
259 1.15535e+00 1.17611e+00
260 1.15726e+00 1.17585e+00
261 1.15033e+00 1.17556e+00
262 1.14993e+00 1.17529e+00
263 1.15510e+00 1.17500e+00
264 1.16099e+00 1.17472e+00
265 1.15341e+00 1.17443e+00
266 1.15226e+00 1.17414e+00
267 1.14653e+00 1.17388e+00
268 1.15498e+00 1.17360e+00
269 1.14737e+00 1.17333e+00
270 1.15737e+00 1.17307e+00
271 1.15271e+00 1.17279e+00
272 1.15513e+00 1.17253e+00
273 1.15161e+00 1.17227e+00
274 1.15515e+00 1.17198e+00
275 1.14918e+00 1.17171e+00
276 1.14612e+00 1.17143e+00
277 1.14880e+00 1.17116e+00
278 1.14613e+00 1.17090e+00
279 1.14545e+00 1.17064e+00
280 1.14717e+00 1.17038e+00
281 1.14364e+00 1.17011e+00
282 1.14464e+00 1.16986e+00
283 1.14969e+00 1.16959e+00
284 1.14808e+00 1.16934e+00
285 1.14361e+00 1.16906e+00
286 1.14903e+00 1.16879e+00
287 1.14393e+00 1.16852e+00
288 1.15049e+00 1.16828e+00
289 1.14596e+00 1.16800e+00
290 1.14672e+00 1.16777e+00
291 1.14690e+00 1.16751e+00
292 1.14137e+00 1.16725e+00
293 1.14050e+00 1.16697e+00
294 1.14156e+00 1.16670e+00
295 1.14622e+00 1.16644e+00
296 1.14550e+00 1.16618e+00
297 1.14470e+00 1.16594e+00
298 1.14661e+00 1.16567e+00
299 1.14336e+00 1.16543e+00
300 1.13809e+00 1.16521e+00
301 1.13798e+00 1.16494e+00
302 1.14259e+00 1.16468e+00
303 1.14002e+00 1.16445e+00
304 1.14321e+00 1.16417e+00
305 1.14161e+00 1.16393e+00
306 1.13809e+00 1.16368e+00
307 1.13820e+00 1.16344e+00
308 1.13960e+00 1.16319e+00
309 1.14212e+00 1.16294e+00
310 1.13810e+00 1.16272e+00
311 1.13689e+00 1.16248e+00
312 1.13592e+00 1.16224e+00
313 1.13571e+00 1.16199e+00
314 1.13691e+00 1.16177e+00
315 1.13780e+00 1.16153e+00
316 1.14290e+00 1.16130e+00
317 1.13813e+00 1.16107e+00
318 1.13808e+00 1.16083e+00
319 1.13421e+00 1.16059e+00
320 1.13717e+00 1.16034e+00
321 1.13757e+00 1.16010e+00
322 1.14165e+00 1.15988e+00
323 1.13754e+00 1.15964e+00
324 1.13476e+00 1.15941e+00
325 1.13705e+00 1.15915e+00
326 1.13273e+00 1.15893e+00
327 1.13142e+00 1.15868e+00
328 1.13545e+00 1.15846e+00
329 1.13384e+00 1.15825e+00
330 1.13526e+00 1.15800e+00
331 1.13756e+00 1.15774e+00
332 1.13071e+00 1.15752e+00
333 1.13120e+00 1.15729e+00
334 1.13620e+00 1.15706e+00
335 1.13057e+00 1.15685e+00
336 1.13581e+00 1.15660e+00
337 1.13193e+00 1.15636e+00
338 1.12952e+00 1.15614e+00
339 1.12641e+00 1.15590e+00
340 1.13015e+00 1.15567e+00
341 1.12778e+00 1.15546e+00
342 1.13427e+00 1.15522e+00
343 1.13093e+00 1.15501e+00
344 1.13412e+00 1.15477e+00
345 1.12767e+00 1.15455e+00
346 1.13389e+00 1.15433e+00
347 1.12618e+00 1.15410e+00
348 1.12970e+00 1.15391e+00
349 1.12462e+00 1.15367e+00
350 1.12739e+00 1.15344e+00
351 1.12604e+00 1.15323e+00
352 1.13241e+00 1.15302e+00
353 1.12795e+00 1.15282e+00
354 1.12306e+00 1.15260e+00
355 1.12574e+00 1.15238e+00
356 1.13159e+00 1.15219e+00
357 1.12746e+00 1.15197e+00
358 1.13136e+00 1.15175e+00
359 1.12654e+00 1.15152e+00
360 1.12512e+00 1.15131e+00
361 1.12842e+00 1.15108e+00
362 1.12249e+00 1.15085e+00
363 1.11963e+00 1.15065e+00
364 1.12489e+00 1.15042e+00
365 1.12613e+00 1.15019e+00
366 1.12784e+00 1.14997e+00
367 1.12766e+00 1.14975e+00
368 1.13182e+00 1.14957e+00
369 1.12522e+00 1.14934e+00
370 1.12652e+00 1.14914e+00
371 1.12419e+00 1.14896e+00
372 1.12645e+00 1.14874e+00
373 1.12623e+00 1.14853e+00
374 1.12971e+00 1.14831e+00
375 1.12456e+00 1.14810e+00
376 1.12532e+00 1.14790e+00
377 1.12549e+00 1.14770e+00
378 1.12584e+00 1.14750e+00
379 1.11990e+00 1.14731e+00
380 1.12518e+00 1.14710e+00
381 1.12241e+00 1.14690e+00
382 1.12157e+00 1.14672e+00
383 1.11913e+00 1.14651e+00
384 1.12043e+00 1.14633e+00
385 1.12094e+00 1.14611e+00
386 1.12398e+00 1.14591e+00
387 1.12111e+00 1.14571e+00
388 1.12094e+00 1.14550e+00
389 1.11904e+00 1.14530e+00
390 1.12149e+00 1.14510e+00
391 1.12233e+00 1.14492e+00
392 1.12077e+00 1.14473e+00
393 1.12195e+00 1.14453e+00
394 1.12574e+00 1.14432e+00
395 1.11747e+00 1.14413e+00
396 1.12240e+00 1.14394e+00
397 1.12458e+00 1.14375e+00
398 1.11936e+00 1.14353e+00
399 1.12478e+00 1.14333e+00
400 1.11800e+00 1.14313e+00
401 1.12176e+00 1.14291e+00
402 1.11895e+00 1.14273e+00
403 1.11736e+00 1.14254e+00
404 1.11789e+00 1.14233e+00
405 1.11887e+00 1.14214e+00
406 1.12108e+00 1.14194e+00
407 1.12260e+00 1.14175e+00
408 1.11733e+00 1.14157e+00
409 1.11532e+00 1.14137e+00
410 1.11705e+00 1.14116e+00
411 1.12280e+00 1.14096e+00
412 1.11320e+00 1.14079e+00
413 1.11646e+00 1.14058e+00
414 1.11556e+00 1.14039e+00
415 1.11722e+00 1.14017e+00
416 1.11667e+00 1.13999e+00
417 1.11605e+00 1.13979e+00
418 1.11613e+00 1.13958e+00
419 1.11675e+00 1.13941e+00
420 1.11686e+00 1.13923e+00
421 1.11409e+00 1.13903e+00
422 1.11271e+00 1.13886e+00
423 1.11404e+00 1.13866e+00
424 1.11782e+00 1.13847e+00
425 1.11072e+00 1.13831e+00
426 1.10975e+00 1.13810e+00
427 1.11597e+00 1.13794e+00
428 1.10752e+00 1.13774e+00
429 1.11335e+00 1.13756e+00
430 1.11858e+00 1.13735e+00
431 1.11345e+00 1.13718e+00
432 1.11492e+00 1.13699e+00
433 1.11156e+00 1.13683e+00
434 1.10941e+00 1.13663e+00
435 1.11261e+00 1.13645e+00
436 1.11439e+00 1.13629e+00
437 1.11027e+00 1.13610e+00
438 1.11392e+00 1.13592e+00
439 1.11231e+00 1.13575e+00
440 1.10501e+00 1.13556e+00
441 1.11361e+00 1.13539e+00
442 1.10927e+00 1.13520e+00
443 1.10924e+00 1.13501e+00
444 1.11291e+00 1.13484e+00
445 1.11099e+00 1.13466e+00
446 1.11164e+00 1.13444e+00
447 1.11102e+00 1.13424e+00
448 1.11060e+00 1.13406e+00
449 1.10863e+00 1.13390e+00
450 1.11215e+00 1.13371e+00
451 1.11152e+00 1.13351e+00
452 1.10965e+00 1.13331e+00
453 1.10887e+00 1.13316e+00
454 1.10762e+00 1.13298e+00
455 1.10288e+00 1.13281e+00
456 1.11022e+00 1.13265e+00
457 1.10444e+00 1.13249e+00
458 1.10853e+00 1.13230e+00
459 1.10277e+00 1.13213e+00
460 1.10465e+00 1.13195e+00
461 1.10524e+00 1.13177e+00
462 1.10618e+00 1.13162e+00
463 1.10631e+00 1.13144e+00
464 1.11309e+00 1.13128e+00
465 1.10602e+00 1.13110e+00
466 1.10439e+00 1.13090e+00
467 1.11167e+00 1.13074e+00
468 1.10737e+00 1.13058e+00
469 1.10189e+00 1.13042e+00
470 1.10085e+00 1.13025e+00
471 1.10557e+00 1.13008e+00
472 1.10662e+00 1.12991e+00
473 1.10505e+00 1.12977e+00
474 1.10314e+00 1.12957e+00
475 1.10450e+00 1.12941e+00
476 1.10162e+00 1.12927e+00
477 1.10414e+00 1.12909e+00
478 1.10461e+00 1.12893e+00
479 1.10338e+00 1.12877e+00
480 1.10734e+00 1.12862e+00
481 1.10855e+00 1.12845e+00
482 1.10311e+00 1.12828e+00
483 1.10537e+00 1.12811e+00
484 1.10390e+00 1.12795e+00
485 1.10325e+00 1.12779e+00
486 1.10535e+00 1.12761e+00
487 1.10222e+00 1.12745e+00
488 1.10022e+00 1.12732e+00
489 1.10327e+00 1.12715e+00
490 1.10302e+00 1.12699e+00
491 1.10851e+00 1.12682e+00
492 1.10222e+00 1.12669e+00
493 1.10208e+00 1.12653e+00
494 1.10090e+00 1.12639e+00
495 1.09909e+00 1.12621e+00
496 1.11141e+00 1.12607e+00
497 1.10076e+00 1.12589e+00
498 1.10094e+00 1.12572e+00
499 1.10244e+00 1.12558e+00
500 1.09615e+00 1.12541e+00
501 1.10325e+00 1.12525e+00
502 1.10347e+00 1.12508e+00
503 1.09885e+00 1.12490e+00
504 1.09768e+00 1.12472e+00
505 1.09897e+00 1.12457e+00
506 1.10137e+00 1.12441e+00
507 1.10308e+00 1.12429e+00
508 1.10145e+00 1.12411e+00
509 1.10083e+00 1.12396e+00
510 1.10067e+00 1.12380e+00
511 1.09526e+00 1.12365e+00
512 1.09864e+00 1.12351e+00
513 1.09658e+00 1.12335e+00
514 1.09970e+00 1.12318e+00
515 1.09867e+00 1.12304e+00
516 1.09676e+00 1.12290e+00
517 1.10265e+00 1.12274e+00
518 1.09706e+00 1.12260e+00
519 1.09444e+00 1.12243e+00
520 1.09840e+00 1.12226e+00
521 1.09417e+00 1.12213e+00
522 1.09609e+00 1.12198e+00
523 1.10032e+00 1.12184e+00
524 1.09764e+00 1.12168e+00
525 1.09805e+00 1.12153e+00
526 1.09903e+00 1.12142e+00
527 1.10104e+00 1.12125e+00
528 1.10158e+00 1.12110e+00
529 1.10340e+00 1.12094e+00
530 1.09975e+00 1.12080e+00
531 1.09514e+00 1.12064e+00
532 1.09897e+00 1.12048e+00
533 1.09710e+00 1.12035e+00
534 1.09498e+00 1.12021e+00
535 1.09672e+00 1.12006e+00
536 1.09631e+00 1.11991e+00
537 1.09514e+00 1.11976e+00
538 1.10145e+00 1.11964e+00
539 1.09583e+00 1.11949e+00
540 1.08663e+00 1.11932e+00
541 1.09349e+00 1.11918e+00
542 1.09800e+00 1.11904e+00
543 1.09233e+00 1.11890e+00
544 1.09111e+00 1.11875e+00
545 1.09706e+00 1.11859e+00
546 1.09450e+00 1.11846e+00
547 1.09134e+00 1.11829e+00
548 1.09331e+00 1.11815e+00
549 1.09486e+00 1.11801e+00
550 1.09551e+00 1.11788e+00
551 1.09217e+00 1.11774e+00
552 1.09211e+00 1.11758e+00
553 1.09277e+00 1.11746e+00
554 1.09604e+00 1.11732e+00
555 1.09579e+00 1.11715e+00
556 1.09468e+00 1.11702e+00
557 1.09158e+00 1.11687e+00
558 1.09587e+00 1.11672e+00
559 1.09151e+00 1.11658e+00
560 1.09820e+00 1.11648e+00
561 1.08504e+00 1.11630e+00
562 1.09015e+00 1.11615e+00
563 1.09285e+00 1.11602e+00
564 1.09481e+00 1.11588e+00
565 1.09248e+00 1.11572e+00
566 1.08557e+00 1.11559e+00
567 1.09083e+00 1.11545e+00
568 1.08985e+00 1.11530e+00
569 1.08889e+00 1.11516e+00
570 1.09485e+00 1.11504e+00
571 1.08986e+00 1.11489e+00
572 1.09011e+00 1.11477e+00
573 1.08993e+00 1.11462e+00
574 1.08915e+00 1.11448e+00
575 1.08916e+00 1.11433e+00
576 1.09397e+00 1.11418e+00
577 1.09099e+00 1.11409e+00
578 1.08647e+00 1.11394e+00
579 1.09333e+00 1.11376e+00
580 1.09235e+00 1.11363e+00
581 1.08973e+00 1.11351e+00
582 1.08758e+00 1.11339e+00
583 1.08941e+00 1.11325e+00
584 1.09044e+00 1.11311e+00
585 1.08872e+00 1.11297e+00
586 1.08780e+00 1.11284e+00
587 1.09111e+00 1.11269e+00
588 1.08168e+00 1.11256e+00
589 1.08483e+00 1.11245e+00
590 1.09054e+00 1.11232e+00
591 1.08705e+00 1.11216e+00
592 1.08890e+00 1.11200e+00
593 1.08925e+00 1.11187e+00
594 1.08873e+00 1.11173e+00
595 1.09475e+00 1.11162e+00
596 1.08677e+00 1.11147e+00
597 1.08752e+00 1.11132e+00
598 1.08264e+00 1.11120e+00
599 1.08724e+00 1.11103e+00
600 1.08787e+00 1.11088e+00
601 1.09050e+00 1.11078e+00
602 1.08415e+00 1.11064e+00
603 1.08791e+00 1.11052e+00
604 1.08152e+00 1.11039e+00
605 1.08220e+00 1.11029e+00
606 1.08569e+00 1.11013e+00
607 1.08368e+00 1.10999e+00
608 1.08395e+00 1.10986e+00
609 1.08708e+00 1.10975e+00
610 1.08237e+00 1.10960e+00
611 1.09005e+00 1.10949e+00
612 1.08063e+00 1.10933e+00
613 1.08064e+00 1.10921e+00
614 1.08671e+00 1.10908e+00
615 1.08253e+00 1.10897e+00
616 1.08675e+00 1.10883e+00
617 1.08691e+00 1.10871e+00
618 1.08488e+00 1.10859e+00
619 1.08594e+00 1.10846e+00
620 1.08695e+00 1.10833e+00
621 1.08163e+00 1.10819e+00
622 1.08185e+00 1.10812e+00
623 1.09206e+00 1.10798e+00
624 1.08679e+00 1.10784e+00
625 1.08341e+00 1.10776e+00
626 1.07917e+00 1.10763e+00
627 1.08335e+00 1.10751e+00
628 1.08658e+00 1.10741e+00
629 1.08067e+00 1.10725e+00
630 1.09009e+00 1.10711e+00
631 1.08809e+00 1.10703e+00
632 1.08891e+00 1.10692e+00
633 1.08785e+00 1.10676e+00
634 1.07907e+00 1.10667e+00
635 1.08568e+00 1.10654e+00
636 1.08869e+00 1.10640e+00
637 1.08381e+00 1.10628e+00
638 1.07977e+00 1.10617e+00
639 1.08544e+00 1.10606e+00
640 1.08388e+00 1.10593e+00
641 1.08446e+00 1.10585e+00
642 1.08055e+00 1.10570e+00
643 1.08477e+00 1.10562e+00
644 1.08512e+00 1.10544e+00
645 1.08625e+00 1.10536e+00
646 1.08225e+00 1.10523e+00
647 1.08096e+00 1.10511e+00
648 1.08383e+00 1.10501e+00
649 1.08156e+00 1.10488e+00
650 1.08551e+00 1.10477e+00
651 1.08100e+00 1.10466e+00
652 1.08064e+00 1.10453e+00
653 1.08277e+00 1.10444e+00
654 1.08053e+00 1.10431e+00
655 1.07849e+00 1.10421e+00
656 1.08626e+00 1.10410e+00
657 1.08271e+00 1.10397e+00
658 1.08663e+00 1.10384e+00
659 1.08357e+00 1.10373e+00
660 1.08009e+00 1.10359e+00
661 1.08690e+00 1.10348e+00
662 1.08282e+00 1.10334e+00
663 1.07887e+00 1.10321e+00
664 1.08371e+00 1.10308e+00
665 1.07833e+00 1.10301e+00
666 1.08111e+00 1.10290e+00
667 1.08069e+00 1.10278e+00
668 1.08522e+00 1.10272e+00
669 1.07565e+00 1.10260e+00
670 1.07992e+00 1.10247e+00
671 1.08041e+00 1.10237e+00
672 1.08382e+00 1.10226e+00
673 1.07559e+00 1.10216e+00
674 1.07759e+00 1.10205e+00
675 1.08206e+00 1.10193e+00
676 1.08129e+00 1.10185e+00
677 1.07575e+00 1.10174e+00
678 1.08083e+00 1.10160e+00
679 1.08197e+00 1.10152e+00
680 1.07924e+00 1.10140e+00
681 1.07849e+00 1.10129e+00
682 1.08033e+00 1.10115e+00
683 1.07879e+00 1.10104e+00
684 1.07957e+00 1.10094e+00
685 1.07869e+00 1.10084e+00
686 1.07620e+00 1.10074e+00
687 1.07429e+00 1.10061e+00
688 1.08494e+00 1.10049e+00
689 1.07687e+00 1.10039e+00
690 1.07552e+00 1.10030e+00
691 1.08029e+00 1.10020e+00
692 1.07777e+00 1.10010e+00
693 1.08408e+00 1.09997e+00
694 1.07600e+00 1.09987e+00
695 1.07207e+00 1.09977e+00
696 1.07477e+00 1.09965e+00
697 1.07403e+00 1.09954e+00
698 1.07661e+00 1.09947e+00
699 1.08130e+00 1.09938e+00
700 1.08063e+00 1.09929e+00
701 1.07853e+00 1.09916e+00
702 1.08314e+00 1.09903e+00
703 1.07479e+00 1.09895e+00
704 1.07498e+00 1.09884e+00
705 1.07786e+00 1.09876e+00
706 1.07739e+00 1.09862e+00
707 1.07753e+00 1.09854e+00
708 1.07682e+00 1.09844e+00
709 1.07465e+00 1.09832e+00
710 1.08073e+00 1.09819e+00
711 1.07851e+00 1.09809e+00
712 1.07643e+00 1.09802e+00
713 1.07917e+00 1.09790e+00
714 1.07492e+00 1.09783e+00
715 1.07713e+00 1.09773e+00
716 1.08100e+00 1.09765e+00
717 1.07090e+00 1.09752e+00
718 1.07694e+00 1.09740e+00
719 1.07118e+00 1.09730e+00
720 1.07884e+00 1.09720e+00
721 1.08040e+00 1.09712e+00
722 1.07689e+00 1.09700e+00
723 1.07425e+00 1.09692e+00
724 1.07439e+00 1.09681e+00
725 1.07499e+00 1.09671e+00
726 1.07784e+00 1.09658e+00
727 1.07981e+00 1.09649e+00
728 1.07061e+00 1.09638e+00
729 1.07419e+00 1.09626e+00
730 1.07503e+00 1.09620e+00
731 1.07442e+00 1.09605e+00
732 1.07628e+00 1.09598e+00
733 1.08013e+00 1.09586e+00
734 1.06964e+00 1.09578e+00
735 1.07237e+00 1.09566e+00
736 1.06993e+00 1.09557e+00
737 1.07242e+00 1.09549e+00
738 1.07277e+00 1.09539e+00
739 1.07112e+00 1.09526e+00
740 1.07454e+00 1.09519e+00
741 1.07345e+00 1.09508e+00
742 1.07480e+00 1.09498e+00
743 1.07153e+00 1.09490e+00
744 1.07661e+00 1.09480e+00
745 1.07661e+00 1.09468e+00
746 1.07499e+00 1.09460e+00
747 1.07572e+00 1.09453e+00
748 1.07740e+00 1.09443e+00
749 1.07076e+00 1.09433e+00
750 1.07693e+00 1.09427e+00
751 1.07349e+00 1.09412e+00
752 1.07707e+00 1.09402e+00
753 1.07203e+00 1.09395e+00
754 1.07276e+00 1.09385e+00
755 1.06873e+00 1.09376e+00
756 1.06901e+00 1.09368e+00
757 1.07129e+00 1.09356e+00
758 1.07136e+00 1.09347e+00
759 1.06835e+00 1.09336e+00
760 1.06697e+00 1.09329e+00
761 1.07165e+00 1.09320e+00
762 1.06951e+00 1.09308e+00
763 1.07010e+00 1.09300e+00
764 1.06993e+00 1.09291e+00
765 1.07455e+00 1.09282e+00
766 1.07249e+00 1.09270e+00
767 1.07207e+00 1.09262e+00
768 1.07603e+00 1.09251e+00
769 1.06505e+00 1.09242e+00
770 1.07438e+00 1.09231e+00
771 1.07260e+00 1.09221e+00
772 1.06607e+00 1.09215e+00
773 1.07327e+00 1.09205e+00
774 1.07040e+00 1.09197e+00
775 1.06754e+00 1.09186e+00
776 1.06546e+00 1.09176e+00
777 1.07129e+00 1.09169e+00
778 1.06668e+00 1.09156e+00
779 1.07023e+00 1.09148e+00
780 1.07544e+00 1.09140e+00
781 1.07274e+00 1.09133e+00
782 1.07021e+00 1.09123e+00
783 1.07398e+00 1.09115e+00
784 1.08049e+00 1.09109e+00
785 1.07779e+00 1.09102e+00
786 1.06741e+00 1.09094e+00
787 1.06883e+00 1.09082e+00
788 1.07595e+00 1.09077e+00
789 1.06859e+00 1.09066e+00
790 1.07357e+00 1.09057e+00
791 1.07432e+00 1.09047e+00
792 1.06946e+00 1.09039e+00
793 1.06812e+00 1.09032e+00
794 1.06487e+00 1.09023e+00
795 1.07157e+00 1.09014e+00
796 1.07409e+00 1.09008e+00
797 1.06767e+00 1.09000e+00
798 1.06871e+00 1.08989e+00
799 1.06558e+00 1.08977e+00
800 1.06925e+00 1.08971e+00
801 1.07334e+00 1.08960e+00
802 1.06518e+00 1.08954e+00
803 1.07288e+00 1.08946e+00
804 1.06284e+00 1.08937e+00
805 1.06580e+00 1.08928e+00
806 1.06484e+00 1.08922e+00
807 1.06756e+00 1.08913e+00
808 1.06528e+00 1.08904e+00
809 1.06665e+00 1.08893e+00
810 1.07298e+00 1.08881e+00
811 1.07317e+00 1.08873e+00
812 1.06420e+00 1.08863e+00
813 1.07228e+00 1.08854e+00
814 1.06827e+00 1.08844e+00
815 1.07234e+00 1.08837e+00
816 1.07464e+00 1.08824e+00
817 1.07011e+00 1.08815e+00
818 1.07078e+00 1.08806e+00
819 1.06210e+00 1.08798e+00
820 1.06655e+00 1.08788e+00
821 1.06793e+00 1.08779e+00
822 1.06733e+00 1.08773e+00
823 1.07141e+00 1.08762e+00
824 1.06635e+00 1.08757e+00
825 1.06381e+00 1.08745e+00
826 1.06527e+00 1.08739e+00
827 1.06965e+00 1.08727e+00
828 1.07460e+00 1.08722e+00
829 1.06916e+00 1.08715e+00
830 1.06739e+00 1.08706e+00
831 1.06629e+00 1.08698e+00
832 1.06967e+00 1.08690e+00
833 1.06242e+00 1.08681e+00
834 1.06752e+00 1.08671e+00
835 1.06451e+00 1.08663e+00
836 1.06575e+00 1.08655e+00
837 1.06537e+00 1.08643e+00
838 1.06240e+00 1.08639e+00
839 1.06955e+00 1.08632e+00
840 1.06295e+00 1.08620e+00
841 1.06874e+00 1.08610e+00
842 1.07250e+00 1.08601e+00
843 1.06634e+00 1.08593e+00
844 1.06442e+00 1.08584e+00
845 1.07261e+00 1.08574e+00
846 1.06089e+00 1.08564e+00
847 1.06544e+00 1.08555e+00
848 1.06524e+00 1.08547e+00
849 1.06127e+00 1.08541e+00
850 1.06433e+00 1.08528e+00
851 1.06870e+00 1.08520e+00
852 1.06607e+00 1.08513e+00
853 1.06560e+00 1.08503e+00
854 1.05897e+00 1.08496e+00
855 1.06180e+00 1.08490e+00
856 1.06457e+00 1.08484e+00
857 1.06250e+00 1.08474e+00
858 1.07194e+00 1.08469e+00
859 1.06369e+00 1.08461e+00
860 1.06462e+00 1.08453e+00
861 1.06791e+00 1.08446e+00
862 1.06469e+00 1.08441e+00
863 1.05960e+00 1.08433e+00
864 1.06555e+00 1.08426e+00
865 1.06456e+00 1.08421e+00
866 1.06439e+00 1.08413e+00
867 1.06044e+00 1.08407e+00
868 1.06648e+00 1.08402e+00
869 1.06627e+00 1.08393e+00
870 1.06232e+00 1.08388e+00
871 1.06414e+00 1.08382e+00
872 1.06304e+00 1.08373e+00
873 1.06118e+00 1.08369e+00
874 1.06507e+00 1.08358e+00
875 1.06104e+00 1.08350e+00
876 1.06153e+00 1.08344e+00
877 1.06681e+00 1.08336e+00
878 1.06484e+00 1.08329e+00
879 1.05960e+00 1.08321e+00
880 1.07110e+00 1.08315e+00
881 1.06605e+00 1.08307e+00
882 1.06160e+00 1.08300e+00
883 1.05892e+00 1.08297e+00
884 1.06624e+00 1.08288e+00
885 1.06013e+00 1.08282e+00
886 1.05985e+00 1.08274e+00
887 1.06792e+00 1.08269e+00
888 1.06256e+00 1.08261e+00
889 1.06067e+00 1.08254e+00
890 1.06614e+00 1.08246e+00
891 1.06754e+00 1.08240e+00
892 1.05798e+00 1.08232e+00
893 1.06323e+00 1.08223e+00
894 1.06127e+00 1.08216e+00
895 1.06740e+00 1.08204e+00
896 1.05923e+00 1.08200e+00
897 1.06458e+00 1.08192e+00
898 1.06038e+00 1.08188e+00
899 1.05977e+00 1.08182e+00
900 1.06057e+00 1.08173e+00
901 1.05659e+00 1.08164e+00
902 1.06038e+00 1.08159e+00
903 1.05495e+00 1.08153e+00
904 1.06562e+00 1.08146e+00
905 1.06207e+00 1.08140e+00
906 1.06372e+00 1.08133e+00
907 1.06750e+00 1.08129e+00
908 1.06454e+00 1.08120e+00
909 1.06222e+00 1.08112e+00
910 1.06928e+00 1.08102e+00
911 1.05394e+00 1.08096e+00
912 1.06041e+00 1.08090e+00
913 1.06115e+00 1.08086e+00
914 1.06146e+00 1.08079e+00
915 1.06253e+00 1.08070e+00
916 1.05817e+00 1.08065e+00
917 1.06069e+00 1.08059e+00
918 1.06401e+00 1.08048e+00
919 1.05662e+00 1.08042e+00
920 1.05963e+00 1.08036e+00
921 1.06527e+00 1.08029e+00
922 1.06194e+00 1.08024e+00
923 1.06101e+00 1.08015e+00
924 1.06072e+00 1.08008e+00
925 1.06234e+00 1.08003e+00
926 1.06046e+00 1.07995e+00
927 1.05974e+00 1.07992e+00
928 1.06019e+00 1.07983e+00
929 1.05678e+00 1.07979e+00
930 1.06690e+00 1.07969e+00
931 1.05948e+00 1.07964e+00
932 1.05461e+00 1.07953e+00
933 1.05528e+00 1.07947e+00
934 1.05900e+00 1.07942e+00
935 1.06708e+00 1.07934e+00
936 1.05955e+00 1.07927e+00
937 1.06153e+00 1.07919e+00
938 1.05983e+00 1.07914e+00
939 1.05870e+00 1.07904e+00
940 1.06220e+00 1.07895e+00
941 1.06717e+00 1.07890e+00
942 1.05662e+00 1.07885e+00
943 1.05983e+00 1.07879e+00
944 1.05710e+00 1.07871e+00
945 1.05512e+00 1.07866e+00
946 1.06057e+00 1.07857e+00
947 1.05733e+00 1.07853e+00
948 1.06497e+00 1.07847e+00
949 1.06040e+00 1.07840e+00
950 1.05571e+00 1.07831e+00
951 1.06076e+00 1.07826e+00
952 1.05206e+00 1.07821e+00
953 1.05715e+00 1.07815e+00
954 1.05789e+00 1.07807e+00
955 1.05983e+00 1.07801e+00
956 1.06566e+00 1.07793e+00
957 1.05561e+00 1.07785e+00
958 1.05709e+00 1.07778e+00
959 1.05513e+00 1.07774e+00
960 1.06540e+00 1.07769e+00
961 1.06087e+00 1.07763e+00
962 1.05557e+00 1.07758e+00
963 1.06272e+00 1.07752e+00
964 1.05033e+00 1.07744e+00
965 1.05954e+00 1.07738e+00
966 1.05833e+00 1.07735e+00
967 1.05819e+00 1.07728e+00
968 1.05690e+00 1.07723e+00
969 1.04861e+00 1.07720e+00
970 1.05089e+00 1.07711e+00
971 1.06311e+00 1.07706e+00
972 1.06251e+00 1.07702e+00
973 1.05967e+00 1.07696e+00
974 1.06094e+00 1.07690e+00
975 1.05948e+00 1.07683e+00
976 1.05974e+00 1.07676e+00
977 1.06016e+00 1.07669e+00
978 1.05469e+00 1.07665e+00
979 1.06185e+00 1.07660e+00
980 1.05495e+00 1.07653e+00
981 1.05814e+00 1.07650e+00
982 1.06376e+00 1.07642e+00
983 1.06211e+00 1.07636e+00
984 1.05401e+00 1.07629e+00
985 1.05667e+00 1.07624e+00
986 1.05316e+00 1.07621e+00
987 1.05882e+00 1.07614e+00
988 1.06035e+00 1.07608e+00
989 1.05821e+00 1.07602e+00
990 1.05432e+00 1.07595e+00
991 1.05967e+00 1.07589e+00
992 1.05558e+00 1.07582e+00
993 1.05867e+00 1.07575e+00
994 1.05706e+00 1.07568e+00
995 1.05526e+00 1.07560e+00
996 1.05503e+00 1.07553e+00
997 1.05743e+00 1.07546e+00
998 1.05612e+00 1.07541e+00
999 1.05315e+00 1.07536e+00
