training dataset: fesc_test
seed = 5
umFeatures = 5
Feature List: SFRs, Mstars, masses, redshifts, fgases
fluxSize = 4
batch_size = 256
epochs     = 1000
0 epoch  1 train loss  2 test loss
0 1.26950e+00 1.17117e+00
1 1.11787e+00 1.09904e+00
2 1.07982e+00 1.06780e+00
3 1.05984e+00 1.05810e+00
4 1.05023e+00 1.03984e+00
5 1.04962e+00 1.03582e+00
6 1.05005e+00 1.03000e+00
7 1.04245e+00 1.04381e+00
8 1.04171e+00 1.02601e+00
9 1.04165e+00 1.02356e+00
10 1.03238e+00 1.01996e+00
11 1.03878e+00 1.02455e+00
12 1.03935e+00 1.01545e+00
13 1.02797e+00 1.01313e+00
14 1.01254e+00 1.00824e+00
15 1.01698e+00 1.01488e+00
16 1.01672e+00 1.00914e+00
17 1.00812e+00 1.00819e+00
18 1.01148e+00 1.01309e+00
19 1.00976e+00 1.01086e+00
20 1.01162e+00 1.01402e+00
21 1.01956e+00 1.00753e+00
22 9.98944e-01 1.00507e+00
23 9.98261e-01 1.01346e+00
24 1.00332e+00 1.00313e+00
25 9.99936e-01 1.00175e+00
26 1.00885e+00 1.00407e+00
27 1.00501e+00 1.00100e+00
28 1.00256e+00 9.99653e-01
29 1.00318e+00 1.00193e+00
30 1.00400e+00 1.00049e+00
31 9.94743e-01 1.00493e+00
32 9.91553e-01 1.00901e+00
33 9.96679e-01 9.97046e-01
34 9.93485e-01 9.96064e-01
35 9.96803e-01 1.00032e+00
36 9.92414e-01 9.97730e-01
37 9.89462e-01 9.98775e-01
38 9.89577e-01 1.00120e+00
39 9.88971e-01 9.99423e-01
40 9.81408e-01 1.00060e+00
41 9.87848e-01 9.99952e-01
42 9.86503e-01 9.95215e-01
43 9.75378e-01 9.95220e-01
44 9.72674e-01 9.99329e-01
45 9.80947e-01 1.00962e+00
46 9.81736e-01 9.86822e-01
47 9.84382e-01 9.90001e-01
48 9.78140e-01 1.00627e+00
49 9.78784e-01 9.88247e-01
50 9.70212e-01 9.88064e-01
51 9.80117e-01 1.00105e+00
52 9.84989e-01 9.91259e-01
53 9.81465e-01 9.87123e-01
54 9.76767e-01 9.88816e-01
55 9.65136e-01 9.95414e-01
56 9.72842e-01 9.95275e-01
57 9.87308e-01 9.87989e-01
58 9.74676e-01 9.92006e-01
59 9.61990e-01 9.87953e-01
60 9.59161e-01 9.94851e-01
61 9.81614e-01 9.93639e-01
62 9.68242e-01 9.83892e-01
63 9.62955e-01 9.81268e-01
64 9.78263e-01 9.87173e-01
65 9.75826e-01 9.83534e-01
66 9.66954e-01 9.90189e-01
67 9.81910e-01 9.85832e-01
68 9.70675e-01 9.87571e-01
69 9.67701e-01 9.84809e-01
70 9.59321e-01 9.86891e-01
71 9.61664e-01 9.88633e-01
72 9.59835e-01 9.85570e-01
73 9.53419e-01 9.90990e-01
74 9.67629e-01 9.80092e-01
75 9.66704e-01 9.86367e-01
76 9.73311e-01 9.81223e-01
77 9.55425e-01 9.82680e-01
78 9.55769e-01 9.82898e-01
79 9.57122e-01 9.81290e-01
80 9.64077e-01 9.82074e-01
81 9.61307e-01 9.88447e-01
82 9.51879e-01 9.82695e-01
83 9.56378e-01 9.82488e-01
84 9.53188e-01 9.78167e-01
85 9.53012e-01 9.82975e-01
86 9.45424e-01 9.77528e-01
87 9.54711e-01 9.87833e-01
88 9.55689e-01 9.80187e-01
89 9.47612e-01 9.76459e-01
90 9.54145e-01 9.80022e-01
91 9.46110e-01 9.77381e-01
92 9.51099e-01 9.79710e-01
93 9.52627e-01 9.74040e-01
94 9.51166e-01 9.79750e-01
95 9.40173e-01 9.79227e-01
96 9.46901e-01 9.75722e-01
97 9.45820e-01 9.75297e-01
98 9.48758e-01 9.75186e-01
99 9.38635e-01 9.75412e-01
100 9.52967e-01 9.71535e-01
101 9.46490e-01 9.75093e-01
102 9.44908e-01 9.75234e-01
103 9.44540e-01 9.73646e-01
104 9.50746e-01 9.76847e-01
105 9.49072e-01 9.76606e-01
106 9.31942e-01 9.75508e-01
107 9.39479e-01 9.71972e-01
108 9.44852e-01 9.74051e-01
109 9.43537e-01 9.74287e-01
110 9.32206e-01 9.71610e-01
111 9.42447e-01 9.68812e-01
112 9.40759e-01 9.69410e-01
113 9.30499e-01 9.68845e-01
114 9.32359e-01 9.76725e-01
115 9.33315e-01 9.70266e-01
116 9.32780e-01 9.74803e-01
117 9.28536e-01 9.69961e-01
118 9.38525e-01 9.66580e-01
119 9.36119e-01 9.70045e-01
120 9.27008e-01 9.66942e-01
121 9.25991e-01 9.75256e-01
122 9.17313e-01 9.71557e-01
123 9.37847e-01 9.74520e-01
124 9.34727e-01 9.70478e-01
125 9.37564e-01 9.80616e-01
126 9.26154e-01 9.75020e-01
127 9.19988e-01 9.71742e-01
128 9.23675e-01 9.62840e-01
129 9.34904e-01 9.72017e-01
130 9.26269e-01 9.66356e-01
131 9.32291e-01 9.74750e-01
132 9.30759e-01 9.69166e-01
133 9.22209e-01 9.72470e-01
134 9.23318e-01 9.67617e-01
135 9.23863e-01 9.76453e-01
136 9.39861e-01 9.65028e-01
137 9.23020e-01 9.75680e-01
138 9.28718e-01 9.70074e-01
139 9.18411e-01 9.66855e-01
140 9.19697e-01 9.70244e-01
141 9.20594e-01 9.60715e-01
142 9.11625e-01 9.67596e-01
143 9.13956e-01 9.66204e-01
144 9.21731e-01 9.60841e-01
145 9.20278e-01 9.66414e-01
146 9.19946e-01 9.62718e-01
147 9.19354e-01 9.64305e-01
148 9.16080e-01 9.58991e-01
149 9.17008e-01 9.58012e-01
150 9.04360e-01 9.66529e-01
151 9.14480e-01 9.80423e-01
152 9.14232e-01 9.62401e-01
153 9.05916e-01 9.72862e-01
154 9.12408e-01 9.60173e-01
155 9.05752e-01 9.70641e-01
156 9.23662e-01 9.63198e-01
157 9.15479e-01 9.57176e-01
158 8.96314e-01 9.63166e-01
159 9.21384e-01 9.61297e-01
160 9.30092e-01 9.60699e-01
161 9.23215e-01 9.64460e-01
162 9.08566e-01 9.66024e-01
163 9.05699e-01 9.71652e-01
164 9.02814e-01 9.64772e-01
165 9.11620e-01 9.51920e-01
166 8.93581e-01 9.59928e-01
167 9.09424e-01 9.71147e-01
168 9.08709e-01 9.64271e-01
169 9.01699e-01 9.67665e-01
170 9.12521e-01 9.60444e-01
171 9.14027e-01 9.62911e-01
172 8.99045e-01 9.66039e-01
173 8.94758e-01 9.55182e-01
174 9.17558e-01 9.52406e-01
175 9.07472e-01 9.55273e-01
176 8.97218e-01 9.59861e-01
177 8.90597e-01 9.57206e-01
178 8.99650e-01 9.62623e-01
179 9.02737e-01 9.54092e-01
180 9.14020e-01 9.64135e-01
181 9.08438e-01 9.60090e-01
182 8.97549e-01 9.59061e-01
183 9.06344e-01 9.62460e-01
184 9.05780e-01 9.52334e-01
185 8.94576e-01 9.60654e-01
186 9.00132e-01 9.64824e-01
187 8.93056e-01 9.55955e-01
188 9.05083e-01 9.51435e-01
189 9.01347e-01 9.49546e-01
190 8.95822e-01 9.51860e-01
191 8.97533e-01 9.51378e-01
192 8.95182e-01 9.44774e-01
193 8.88606e-01 9.48560e-01
194 8.95045e-01 9.52168e-01
195 9.16576e-01 9.51285e-01
196 8.85579e-01 9.56513e-01
197 8.94074e-01 9.58711e-01
198 8.92139e-01 9.55906e-01
199 8.80145e-01 9.47973e-01
200 9.02175e-01 9.44680e-01
201 8.84910e-01 9.50119e-01
202 8.91041e-01 9.52367e-01
203 8.96758e-01 9.51422e-01
204 9.04982e-01 9.46909e-01
205 8.78122e-01 9.49232e-01
206 8.98677e-01 9.49657e-01
207 8.84652e-01 9.50556e-01
208 8.84494e-01 9.51673e-01
209 8.91815e-01 9.51587e-01
210 8.84292e-01 9.63975e-01
211 8.91534e-01 9.55465e-01
212 9.05235e-01 9.50771e-01
213 8.84446e-01 9.51242e-01
214 8.97685e-01 9.54175e-01
215 8.88317e-01 9.56863e-01
216 8.92729e-01 9.59243e-01
217 8.80843e-01 9.52352e-01
218 8.90423e-01 9.57275e-01
219 8.85307e-01 9.50036e-01
220 8.77609e-01 9.53725e-01
221 8.80881e-01 9.48908e-01
222 8.93926e-01 9.50093e-01
223 8.79430e-01 9.50552e-01
224 8.78565e-01 9.51202e-01
225 8.79939e-01 9.53774e-01
226 8.80188e-01 9.53196e-01
227 8.82864e-01 9.49378e-01
228 8.83923e-01 9.49613e-01
229 8.78044e-01 9.47929e-01
230 8.99983e-01 9.50695e-01
231 8.78481e-01 9.51141e-01
232 8.83817e-01 9.52889e-01
233 8.84135e-01 9.52007e-01
234 8.77030e-01 9.52588e-01
235 8.82173e-01 9.45545e-01
236 8.79957e-01 9.51641e-01
237 8.68904e-01 9.50160e-01
238 8.93741e-01 9.58790e-01
239 8.70189e-01 9.62117e-01
240 8.71065e-01 9.67982e-01
241 8.69452e-01 9.49829e-01
242 8.85249e-01 9.59514e-01
243 8.71518e-01 9.52757e-01
244 8.87635e-01 9.47087e-01
245 8.72759e-01 9.49995e-01
246 8.73794e-01 9.51606e-01
247 8.92297e-01 9.51365e-01
248 8.84482e-01 9.45985e-01
249 8.74197e-01 9.63619e-01
250 8.66230e-01 9.55802e-01
251 8.86624e-01 9.54078e-01
252 8.74354e-01 9.42318e-01
253 8.91529e-01 9.46224e-01
254 8.60358e-01 9.44235e-01
255 8.70684e-01 9.57525e-01
256 8.71987e-01 9.54304e-01
257 8.66532e-01 9.43964e-01
258 8.69091e-01 9.49479e-01
259 8.70039e-01 9.54747e-01
260 8.72441e-01 9.48887e-01
261 8.61848e-01 9.62967e-01
262 8.80316e-01 9.46807e-01
263 8.85843e-01 9.48564e-01
264 8.67169e-01 9.37716e-01
265 8.74523e-01 9.51743e-01
266 8.84021e-01 9.40306e-01
267 8.54538e-01 9.53014e-01
268 8.58222e-01 9.45677e-01
269 8.75442e-01 9.38839e-01
270 8.68682e-01 9.44563e-01
271 8.74986e-01 9.42546e-01
272 8.74011e-01 9.56161e-01
273 8.58285e-01 9.52968e-01
274 8.79591e-01 9.51036e-01
275 8.69068e-01 9.48584e-01
276 8.73846e-01 9.50291e-01
277 8.64658e-01 9.54910e-01
278 8.61088e-01 9.39512e-01
279 8.66438e-01 9.48304e-01
280 8.63571e-01 9.44601e-01
281 8.78595e-01 9.43750e-01
282 8.74450e-01 9.44114e-01
283 8.66981e-01 9.47216e-01
284 8.59934e-01 9.52991e-01
285 8.66014e-01 9.42618e-01
286 8.65466e-01 9.44722e-01
287 8.62261e-01 9.50837e-01
288 8.57421e-01 9.62252e-01
289 8.45038e-01 9.44271e-01
290 8.60521e-01 9.49727e-01
291 8.60019e-01 9.55731e-01
292 8.58672e-01 9.41582e-01
293 8.60165e-01 9.37651e-01
294 8.64791e-01 9.48212e-01
295 8.54900e-01 9.49840e-01
296 8.64160e-01 9.46952e-01
297 8.54042e-01 9.49433e-01
298 8.58977e-01 9.45458e-01
299 8.58737e-01 9.46094e-01
300 8.73813e-01 9.56922e-01
301 8.61187e-01 9.54109e-01
302 8.38342e-01 9.43501e-01
303 8.40670e-01 9.40013e-01
304 8.48727e-01 9.49810e-01
305 8.58135e-01 9.43209e-01
306 8.65365e-01 9.36817e-01
307 8.53340e-01 9.45796e-01
308 8.67062e-01 9.32807e-01
309 8.44769e-01 9.44892e-01
310 8.48378e-01 9.51305e-01
311 8.52947e-01 9.46376e-01
312 8.48886e-01 9.46513e-01
313 8.54635e-01 9.44111e-01
314 8.52156e-01 9.52238e-01
315 8.46720e-01 9.50684e-01
316 8.44275e-01 9.56789e-01
317 8.48489e-01 9.36921e-01
318 8.53679e-01 9.45560e-01
319 8.68881e-01 9.48576e-01
320 8.60004e-01 9.38161e-01
321 8.47398e-01 9.32487e-01
322 8.40833e-01 9.39123e-01
323 8.43431e-01 9.41693e-01
324 8.55298e-01 9.48374e-01
325 8.47336e-01 9.34639e-01
326 8.39627e-01 9.53753e-01
327 8.42755e-01 9.43932e-01
328 8.32488e-01 9.46796e-01
329 8.65205e-01 9.37666e-01
330 8.57097e-01 9.37056e-01
331 8.40794e-01 9.44293e-01
332 8.41650e-01 9.45349e-01
333 8.47922e-01 9.43193e-01
334 8.49450e-01 9.41849e-01
335 8.42130e-01 9.42717e-01
336 8.35055e-01 9.38954e-01
337 8.42005e-01 9.50566e-01
338 8.40170e-01 9.37352e-01
339 8.63252e-01 9.35465e-01
340 8.56060e-01 9.36250e-01
341 8.57489e-01 9.41867e-01
342 8.41941e-01 9.32185e-01
343 8.42713e-01 9.42931e-01
344 8.38430e-01 9.36834e-01
345 8.51862e-01 9.39067e-01
346 8.45015e-01 9.44678e-01
347 8.47321e-01 9.41740e-01
348 8.38346e-01 9.40354e-01
349 8.19135e-01 9.38428e-01
350 8.39573e-01 9.41629e-01
351 8.57951e-01 9.41502e-01
352 8.30429e-01 9.47075e-01
353 8.32901e-01 9.53271e-01
354 8.35489e-01 9.43169e-01
355 8.43971e-01 9.49440e-01
356 8.43525e-01 9.59512e-01
357 8.50690e-01 9.50751e-01
358 8.43106e-01 9.50092e-01
359 8.40036e-01 9.45725e-01
360 8.23041e-01 9.48264e-01
361 8.37007e-01 9.35265e-01
362 8.22896e-01 9.36675e-01
363 8.33565e-01 9.47707e-01
364 8.57594e-01 9.45837e-01
365 8.46297e-01 9.47846e-01
366 8.35957e-01 9.32493e-01
367 8.23341e-01 9.40124e-01
368 8.39293e-01 9.41672e-01
369 8.33083e-01 9.41170e-01
370 8.23554e-01 9.41995e-01
371 8.51818e-01 9.41734e-01
372 8.19596e-01 9.43382e-01
373 8.56877e-01 9.43478e-01
374 8.31354e-01 9.47856e-01
375 8.35116e-01 9.41780e-01
376 8.15520e-01 9.45184e-01
377 8.16018e-01 9.34744e-01
378 8.28754e-01 9.28172e-01
379 8.37325e-01 9.39623e-01
380 8.29271e-01 9.39989e-01
381 8.38714e-01 9.33570e-01
382 8.21433e-01 9.40198e-01
383 8.35353e-01 9.38678e-01
384 8.47657e-01 9.38814e-01
385 8.30209e-01 9.35944e-01
386 8.14554e-01 9.38514e-01
387 8.20613e-01 9.48705e-01
388 8.23802e-01 9.49015e-01
389 8.47097e-01 9.47770e-01
390 8.26363e-01 9.40440e-01
391 8.41704e-01 9.33946e-01
392 8.24248e-01 9.52885e-01
393 8.24593e-01 9.38855e-01
394 8.22602e-01 9.40274e-01
395 8.29459e-01 9.35776e-01
396 8.35444e-01 9.52346e-01
397 8.34315e-01 9.46283e-01
398 8.32573e-01 9.43818e-01
399 8.17495e-01 9.33242e-01
400 8.53154e-01 9.33887e-01
401 8.39513e-01 9.37369e-01
402 8.31747e-01 9.27763e-01
403 8.19384e-01 9.26939e-01
404 8.05034e-01 9.45609e-01
405 8.16823e-01 9.36319e-01
406 8.17920e-01 9.45610e-01
407 8.30623e-01 9.51765e-01
408 8.26903e-01 9.38521e-01
409 8.35554e-01 9.37736e-01
410 8.35267e-01 9.42164e-01
411 8.42910e-01 9.37599e-01
412 8.00668e-01 9.32432e-01
413 8.32810e-01 9.41145e-01
414 8.20792e-01 9.37612e-01
415 8.01241e-01 9.44615e-01
416 8.21629e-01 9.39132e-01
417 8.14269e-01 9.35379e-01
418 8.38285e-01 9.34200e-01
419 8.25754e-01 9.48576e-01
420 8.27512e-01 9.43586e-01
421 8.13844e-01 9.30054e-01
422 8.24587e-01 9.32185e-01
423 8.19029e-01 9.31225e-01
424 8.04912e-01 9.30700e-01
425 8.21318e-01 9.30086e-01
426 8.29475e-01 9.29204e-01
427 8.18987e-01 9.37657e-01
428 8.18410e-01 9.29317e-01
429 8.05370e-01 9.36725e-01
430 8.18437e-01 9.37055e-01
431 8.24860e-01 9.36060e-01
432 8.01976e-01 9.39166e-01
433 7.93198e-01 9.41423e-01
434 8.21735e-01 9.37115e-01
435 8.25467e-01 9.38443e-01
436 8.26995e-01 9.45690e-01
437 8.08631e-01 9.37800e-01
438 8.13558e-01 9.34478e-01
439 7.97372e-01 9.37038e-01
440 8.16296e-01 9.36877e-01
441 8.23086e-01 9.35978e-01
442 8.01340e-01 9.38997e-01
443 8.14040e-01 9.33162e-01
444 8.17824e-01 9.41793e-01
445 8.12272e-01 9.32259e-01
446 8.25843e-01 9.25906e-01
447 8.30716e-01 9.30591e-01
448 8.08302e-01 9.46297e-01
449 8.03386e-01 9.35823e-01
450 8.14075e-01 9.23945e-01
451 8.09145e-01 9.26677e-01
452 8.08791e-01 9.33498e-01
453 8.34109e-01 9.28946e-01
454 8.12415e-01 9.30524e-01
455 8.10584e-01 9.32317e-01
456 8.24411e-01 9.34525e-01
457 8.04850e-01 9.33672e-01
458 7.96658e-01 9.37947e-01
459 8.06806e-01 9.39589e-01
460 8.13448e-01 9.49500e-01
461 8.18582e-01 9.32191e-01
462 8.03512e-01 9.37538e-01
463 8.13816e-01 9.29431e-01
464 8.10237e-01 9.29981e-01
465 8.26816e-01 9.25005e-01
466 8.40452e-01 9.41781e-01
467 8.13669e-01 9.22337e-01
468 8.02819e-01 9.29657e-01
469 8.00474e-01 9.45017e-01
470 8.18821e-01 9.37435e-01
471 7.98801e-01 9.35805e-01
472 7.97289e-01 9.31314e-01
473 8.24891e-01 9.28411e-01
474 8.02600e-01 9.34637e-01
475 7.86249e-01 9.41278e-01
476 7.97524e-01 9.41384e-01
477 8.08587e-01 9.48409e-01
478 8.07827e-01 9.28633e-01
479 8.01028e-01 9.42084e-01
480 8.13088e-01 9.23972e-01
481 8.06113e-01 9.34401e-01
482 8.00732e-01 9.42428e-01
483 8.05913e-01 9.33723e-01
484 8.00803e-01 9.34226e-01
485 8.30115e-01 9.26343e-01
486 8.06363e-01 9.34919e-01
487 8.04906e-01 9.31511e-01
488 8.24919e-01 9.38096e-01
489 8.03603e-01 9.47512e-01
490 8.04466e-01 9.37596e-01
491 7.96957e-01 9.31845e-01
492 7.89784e-01 9.22877e-01
493 7.80525e-01 9.27913e-01
494 7.85716e-01 9.31660e-01
495 8.01321e-01 9.30384e-01
496 8.10565e-01 9.24046e-01
497 8.00112e-01 9.18825e-01
498 7.85821e-01 9.33761e-01
499 8.04077e-01 9.19601e-01
500 8.01622e-01 9.21128e-01
501 8.02375e-01 9.37826e-01
502 8.06272e-01 9.34812e-01
503 8.18257e-01 9.39123e-01
504 8.11347e-01 9.35899e-01
505 7.81413e-01 9.39101e-01
506 8.21469e-01 9.37464e-01
507 7.98846e-01 9.43858e-01
508 8.13677e-01 9.31792e-01
509 8.07598e-01 9.22292e-01
510 8.12953e-01 9.32963e-01
511 7.90216e-01 9.20487e-01
512 8.02570e-01 9.26234e-01
513 7.97401e-01 9.22909e-01
514 7.93834e-01 9.31950e-01
515 8.10651e-01 9.26334e-01
516 7.93542e-01 9.34108e-01
517 7.94053e-01 9.40585e-01
518 7.83772e-01 9.34506e-01
519 7.94603e-01 9.35992e-01
520 8.03441e-01 9.24841e-01
521 8.09593e-01 9.22685e-01
522 7.85940e-01 9.27005e-01
523 8.03327e-01 9.39875e-01
524 7.94034e-01 9.33207e-01
525 7.92156e-01 9.37631e-01
526 7.88601e-01 9.27193e-01
527 7.90665e-01 9.29416e-01
528 8.02528e-01 9.32546e-01
529 8.05445e-01 9.20483e-01
530 7.77887e-01 9.33625e-01
531 7.81233e-01 9.31965e-01
532 8.15562e-01 9.23690e-01
533 8.06229e-01 9.26538e-01
534 7.72374e-01 9.32582e-01
535 8.00961e-01 9.27385e-01
536 8.00014e-01 9.33794e-01
537 8.02377e-01 9.29611e-01
538 7.83265e-01 9.21735e-01
539 7.77139e-01 9.30269e-01
540 7.96412e-01 9.36735e-01
541 8.07012e-01 9.25832e-01
542 8.01548e-01 9.28657e-01
543 7.94739e-01 9.38478e-01
544 7.98308e-01 9.24137e-01
545 7.95972e-01 9.36856e-01
546 7.79052e-01 9.32432e-01
547 8.07988e-01 9.29778e-01
548 8.14656e-01 9.35608e-01
549 7.75771e-01 9.43098e-01
550 7.78481e-01 9.37936e-01
551 7.81176e-01 9.29010e-01
552 8.03131e-01 9.30969e-01
553 7.93832e-01 9.25683e-01
554 7.82486e-01 9.27285e-01
555 7.72364e-01 9.40073e-01
556 7.97708e-01 9.23467e-01
557 7.76215e-01 9.27347e-01
558 7.75553e-01 9.30080e-01
559 7.81062e-01 9.30527e-01
560 8.01391e-01 9.29073e-01
561 7.80200e-01 9.27477e-01
562 7.94940e-01 9.28315e-01
563 7.98945e-01 9.27330e-01
564 7.80376e-01 9.35159e-01
565 7.90693e-01 9.31475e-01
566 7.99679e-01 9.30802e-01
567 8.06684e-01 9.29719e-01
568 8.06443e-01 9.19881e-01
569 7.65363e-01 9.15827e-01
570 7.92652e-01 9.20094e-01
571 7.76422e-01 9.30590e-01
572 7.72938e-01 9.26985e-01
573 7.73099e-01 9.31265e-01
574 7.94156e-01 9.33970e-01
575 7.76488e-01 9.20001e-01
576 7.70648e-01 9.39552e-01
577 7.81083e-01 9.24575e-01
578 7.74556e-01 9.21936e-01
579 7.81637e-01 9.22460e-01
580 7.62547e-01 9.21995e-01
581 7.85632e-01 9.31368e-01
582 7.89809e-01 9.23506e-01
583 7.78806e-01 9.27354e-01
584 7.93981e-01 9.31483e-01
585 7.88427e-01 9.16981e-01
586 7.92520e-01 9.37397e-01
587 7.72902e-01 9.16412e-01
588 7.85091e-01 9.30723e-01
589 7.86669e-01 9.39153e-01
590 7.86632e-01 9.34585e-01
591 7.93227e-01 9.41177e-01
592 7.74631e-01 9.28599e-01
593 8.00621e-01 9.32130e-01
594 7.84920e-01 9.23716e-01
595 7.85636e-01 9.17115e-01
596 7.81366e-01 9.24741e-01
597 7.88530e-01 9.26267e-01
598 7.80914e-01 9.28022e-01
599 7.94428e-01 9.32548e-01
600 7.89281e-01 9.21314e-01
601 7.70171e-01 9.28949e-01
602 7.63648e-01 9.12022e-01
603 7.86368e-01 9.18980e-01
604 7.89710e-01 9.30483e-01
605 7.78216e-01 9.27756e-01
606 7.78791e-01 9.18736e-01
607 7.86524e-01 9.22067e-01
608 7.81526e-01 9.24615e-01
609 7.80993e-01 9.14203e-01
610 7.83963e-01 9.07355e-01
611 7.63145e-01 9.25046e-01
612 7.58391e-01 9.17215e-01
613 7.64626e-01 9.34877e-01
614 7.70203e-01 9.39128e-01
615 7.76370e-01 9.21340e-01
616 7.94878e-01 9.12041e-01
617 7.96782e-01 9.19079e-01
618 7.60265e-01 9.27272e-01
619 7.84987e-01 9.19645e-01
620 7.68841e-01 9.22737e-01
621 7.76634e-01 9.21229e-01
622 7.61660e-01 9.21582e-01
623 7.73522e-01 9.27067e-01
624 7.60954e-01 9.27584e-01
625 7.74522e-01 9.27664e-01
626 7.61182e-01 9.29022e-01
627 7.68532e-01 9.26742e-01
628 7.69539e-01 9.29164e-01
629 7.43257e-01 9.31937e-01
630 7.69796e-01 9.37081e-01
631 7.61977e-01 9.25845e-01
632 7.71524e-01 9.24927e-01
633 7.67476e-01 9.23310e-01
634 7.69890e-01 9.27098e-01
635 7.73925e-01 9.18603e-01
636 7.83710e-01 9.30064e-01
637 7.68345e-01 9.17094e-01
638 7.73424e-01 9.22399e-01
639 7.82488e-01 9.29149e-01
640 7.66600e-01 9.33503e-01
641 7.87970e-01 9.30441e-01
642 7.79861e-01 9.30079e-01
643 7.76354e-01 9.35107e-01
644 7.75646e-01 9.25228e-01
645 7.68423e-01 9.29176e-01
646 7.62759e-01 9.36647e-01
647 7.44999e-01 9.36942e-01
648 7.78801e-01 9.38980e-01
649 7.96710e-01 9.35970e-01
650 7.63176e-01 9.31782e-01
651 7.83159e-01 9.27702e-01
652 7.79483e-01 9.31271e-01
653 7.74703e-01 9.28647e-01
654 7.71795e-01 9.22779e-01
655 7.74160e-01 9.35739e-01
656 7.66116e-01 9.40915e-01
657 7.78895e-01 9.18032e-01
658 7.72599e-01 9.22492e-01
659 7.87854e-01 9.23188e-01
660 7.72847e-01 9.14258e-01
661 7.52909e-01 9.16062e-01
662 7.55701e-01 9.19295e-01
663 7.59066e-01 9.36981e-01
664 7.62080e-01 9.29986e-01
665 7.71746e-01 9.24265e-01
666 7.74595e-01 9.32597e-01
667 7.54852e-01 9.36175e-01
668 7.83454e-01 9.31215e-01
669 7.72590e-01 9.24764e-01
670 7.69188e-01 9.20265e-01
671 7.51297e-01 9.33734e-01
672 7.71996e-01 9.21413e-01
673 7.64199e-01 9.29485e-01
674 7.59397e-01 9.28659e-01
675 7.66903e-01 9.23934e-01
676 7.64666e-01 9.13555e-01
677 7.69897e-01 9.23572e-01
678 7.76476e-01 9.22304e-01
679 7.63969e-01 9.07179e-01
680 7.75289e-01 9.26077e-01
681 7.73567e-01 9.25518e-01
682 7.61922e-01 9.13402e-01
683 7.48894e-01 9.21235e-01
684 7.82973e-01 9.33549e-01
685 7.70172e-01 9.32985e-01
686 7.74941e-01 9.26798e-01
687 7.55515e-01 9.25084e-01
688 7.52826e-01 9.18577e-01
689 7.59668e-01 9.22107e-01
690 7.64164e-01 9.29707e-01
691 7.81175e-01 9.21167e-01
692 7.48094e-01 9.21647e-01
693 7.60937e-01 9.33204e-01
694 7.49476e-01 9.25343e-01
695 7.73564e-01 9.26492e-01
696 7.64110e-01 9.25067e-01
697 7.68866e-01 9.26288e-01
698 7.76131e-01 9.30174e-01
699 7.75854e-01 9.28396e-01
700 7.72372e-01 9.27224e-01
701 7.73588e-01 9.30462e-01
702 7.35465e-01 9.32599e-01
703 7.63352e-01 9.24774e-01
704 7.58316e-01 9.30424e-01
705 7.60848e-01 9.34626e-01
706 7.70654e-01 9.38548e-01
707 7.64098e-01 9.35217e-01
708 7.64834e-01 9.19860e-01
709 7.54375e-01 9.29557e-01
710 7.58288e-01 9.23750e-01
711 7.76452e-01 9.11687e-01
712 7.59059e-01 9.16857e-01
713 7.65191e-01 9.20364e-01
714 7.68364e-01 9.28279e-01
715 7.76933e-01 9.32510e-01
716 7.68818e-01 9.17648e-01
717 7.47839e-01 9.17723e-01
718 7.56739e-01 9.24303e-01
719 7.60042e-01 9.22513e-01
720 7.75932e-01 9.15719e-01
721 7.55085e-01 9.23114e-01
722 7.58732e-01 9.19749e-01
723 7.60072e-01 9.34119e-01
724 7.63215e-01 9.23124e-01
725 7.58152e-01 9.15231e-01
726 7.51866e-01 9.21190e-01
727 7.33090e-01 9.33788e-01
728 7.54324e-01 9.38583e-01
729 7.63601e-01 9.35979e-01
730 7.68011e-01 9.28904e-01
731 7.56634e-01 9.19286e-01
732 7.45217e-01 9.19127e-01
733 7.41075e-01 9.11469e-01
734 7.52355e-01 9.29387e-01
735 7.60271e-01 9.14616e-01
736 7.45214e-01 9.25276e-01
737 7.63716e-01 9.26140e-01
738 7.40360e-01 9.23537e-01
739 7.42676e-01 9.32118e-01
740 7.55481e-01 9.19751e-01
741 7.56552e-01 9.26480e-01
742 7.51082e-01 9.36918e-01
743 7.62473e-01 9.28021e-01
744 7.87223e-01 9.15288e-01
745 7.56096e-01 9.10860e-01
746 7.58514e-01 9.15098e-01
747 7.78561e-01 9.16103e-01
748 7.64824e-01 9.21989e-01
749 7.47148e-01 9.33322e-01
750 7.69587e-01 9.30447e-01
751 7.77151e-01 9.24412e-01
752 7.47540e-01 9.21604e-01
753 7.32173e-01 9.29666e-01
754 7.64172e-01 9.20565e-01
755 7.50040e-01 9.10734e-01
756 7.62837e-01 9.25716e-01
757 7.55075e-01 9.22411e-01
758 7.51795e-01 9.29217e-01
759 7.54486e-01 9.22276e-01
760 7.58831e-01 9.19929e-01
761 7.61747e-01 9.29889e-01
762 7.73746e-01 9.31016e-01
763 7.47242e-01 9.11976e-01
764 7.60676e-01 9.20048e-01
765 7.42678e-01 9.32560e-01
766 7.47761e-01 9.16216e-01
767 7.40670e-01 9.17079e-01
768 7.62727e-01 9.33117e-01
769 7.87696e-01 9.30832e-01
770 7.66711e-01 9.14400e-01
771 7.44872e-01 9.18152e-01
772 7.64647e-01 9.26829e-01
773 7.59318e-01 9.27064e-01
774 7.58246e-01 9.24834e-01
775 7.55893e-01 9.25984e-01
776 7.55538e-01 9.20472e-01
777 7.42462e-01 9.10200e-01
778 7.67496e-01 9.19084e-01
779 7.61515e-01 9.18636e-01
780 7.46308e-01 9.24056e-01
781 7.38219e-01 9.27974e-01
782 7.76894e-01 9.36632e-01
783 7.39548e-01 9.16156e-01
784 7.69010e-01 9.30018e-01
785 7.67987e-01 9.21918e-01
786 7.33050e-01 9.33599e-01
787 7.72803e-01 9.26537e-01
788 7.50558e-01 9.22880e-01
789 7.77559e-01 9.14244e-01
790 7.47523e-01 9.17820e-01
791 7.44921e-01 9.22753e-01
792 7.49689e-01 9.34654e-01
793 7.46068e-01 9.26072e-01
794 7.52755e-01 9.23507e-01
795 7.25109e-01 9.36670e-01
796 7.43940e-01 9.28537e-01
797 7.61171e-01 9.26499e-01
798 7.56896e-01 9.28296e-01
799 7.31333e-01 9.23670e-01
800 7.57953e-01 9.21472e-01
801 7.53414e-01 9.32229e-01
802 7.31568e-01 9.20656e-01
803 7.43643e-01 9.37754e-01
804 7.47292e-01 9.39682e-01
805 7.49491e-01 9.18020e-01
806 7.45264e-01 9.30962e-01
807 7.47109e-01 9.24139e-01
808 7.40052e-01 9.22613e-01
809 7.40885e-01 9.20736e-01
810 7.69474e-01 9.22010e-01
811 7.33410e-01 9.34039e-01
812 7.49612e-01 9.26895e-01
813 7.55660e-01 9.35760e-01
814 7.46462e-01 9.27492e-01
815 7.62299e-01 9.26325e-01
816 7.46385e-01 9.10926e-01
817 7.66477e-01 9.14127e-01
818 7.60471e-01 9.27571e-01
819 7.37829e-01 9.13028e-01
820 7.45115e-01 9.20725e-01
821 7.57061e-01 9.30671e-01
822 7.30578e-01 9.12010e-01
823 7.37206e-01 9.31014e-01
824 7.23743e-01 9.26332e-01
825 7.40957e-01 9.10569e-01
826 7.46356e-01 9.14587e-01
827 7.38123e-01 9.17333e-01
828 7.50557e-01 9.21786e-01
829 7.54880e-01 9.31829e-01
830 7.55075e-01 9.13569e-01
831 7.42780e-01 9.26420e-01
832 7.59769e-01 9.17598e-01
833 7.36862e-01 9.30523e-01
834 7.56215e-01 9.24247e-01
835 7.53084e-01 9.17172e-01
836 7.31676e-01 9.16961e-01
837 7.46065e-01 9.30289e-01
838 7.58341e-01 9.25456e-01
839 7.34972e-01 9.21341e-01
840 7.44381e-01 9.40869e-01
841 7.51808e-01 9.26757e-01
842 7.43033e-01 9.23918e-01
843 7.38040e-01 9.17773e-01
844 7.52723e-01 9.26679e-01
845 7.41472e-01 9.18755e-01
846 7.29759e-01 9.14972e-01
847 7.48489e-01 9.26999e-01
848 7.52057e-01 9.35851e-01
849 7.52228e-01 9.16434e-01
850 7.36080e-01 9.23100e-01
851 7.56397e-01 9.29052e-01
852 7.31723e-01 9.18943e-01
853 7.55633e-01 9.36765e-01
854 7.46891e-01 9.34817e-01
855 7.51570e-01 9.41994e-01
856 7.44086e-01 9.35023e-01
857 7.37928e-01 9.29218e-01
858 7.35572e-01 9.39624e-01
859 7.30649e-01 9.37695e-01
860 7.41839e-01 9.19087e-01
861 7.22924e-01 9.30765e-01
862 7.48315e-01 9.21872e-01
863 7.02528e-01 9.27544e-01
864 7.41645e-01 9.31841e-01
865 7.37579e-01 9.26075e-01
866 7.38382e-01 9.30090e-01
867 7.39940e-01 9.32407e-01
868 7.19078e-01 9.34719e-01
869 7.39593e-01 9.32208e-01
870 7.19671e-01 9.39020e-01
871 7.09560e-01 9.31501e-01
872 7.50261e-01 9.25685e-01
873 7.45336e-01 9.08765e-01
874 7.42807e-01 9.17209e-01
875 7.50889e-01 9.26966e-01
876 7.38284e-01 9.23658e-01
877 7.38455e-01 9.28429e-01
878 7.24997e-01 9.25992e-01
879 7.40811e-01 9.28789e-01
880 7.31412e-01 9.40472e-01
881 7.27693e-01 9.30225e-01
882 7.57829e-01 9.24677e-01
883 7.45143e-01 9.26170e-01
884 7.19354e-01 9.24611e-01
885 7.29180e-01 9.21424e-01
886 7.44355e-01 9.23189e-01
887 7.28681e-01 9.29842e-01
888 7.30227e-01 9.33020e-01
889 7.48358e-01 9.32628e-01
890 7.48678e-01 9.16273e-01
891 7.50044e-01 9.19698e-01
892 7.42027e-01 9.23591e-01
893 7.38347e-01 9.16036e-01
894 7.50607e-01 9.24750e-01
895 7.42318e-01 9.12816e-01
896 7.46409e-01 9.28301e-01
897 7.24427e-01 9.28264e-01
898 7.34884e-01 9.20273e-01
899 7.30150e-01 9.17614e-01
900 7.32255e-01 9.18987e-01
901 7.47747e-01 9.20521e-01
902 7.30601e-01 9.28159e-01
903 7.23045e-01 9.24264e-01
904 7.38276e-01 9.21995e-01
905 7.15092e-01 9.26027e-01
906 7.30028e-01 9.32470e-01
907 7.42223e-01 9.27362e-01
908 7.45740e-01 9.19225e-01
909 7.13997e-01 9.32270e-01
910 7.32233e-01 9.15487e-01
911 7.39933e-01 9.29533e-01
912 7.45532e-01 9.29236e-01
913 7.20823e-01 9.24855e-01
914 7.39487e-01 9.21344e-01
915 7.19018e-01 9.19728e-01
916 7.34865e-01 9.30343e-01
917 7.46744e-01 9.20286e-01
918 7.37735e-01 9.40562e-01
919 7.45636e-01 9.19397e-01
920 7.47602e-01 9.12674e-01
921 7.44147e-01 9.20503e-01
922 7.33045e-01 9.19001e-01
923 7.28569e-01 9.09865e-01
924 7.27895e-01 9.12709e-01
925 7.37165e-01 9.13446e-01
926 7.10182e-01 9.05833e-01
927 7.19508e-01 9.08333e-01
928 7.13175e-01 9.17130e-01
929 7.13014e-01 9.22498e-01
930 7.21965e-01 9.35594e-01
931 7.23575e-01 9.32315e-01
932 7.28091e-01 9.22274e-01
933 7.24669e-01 9.20389e-01
934 7.29934e-01 9.36561e-01
935 7.37687e-01 9.19839e-01
936 7.32456e-01 9.23619e-01
937 7.36874e-01 9.07261e-01
938 7.25959e-01 9.11335e-01
939 7.31358e-01 9.23068e-01
940 7.23844e-01 9.31735e-01
941 7.10162e-01 9.33208e-01
942 7.16975e-01 9.18926e-01
943 7.36676e-01 9.16348e-01
944 7.40477e-01 9.30074e-01
945 7.36322e-01 9.31550e-01
946 7.38902e-01 9.18874e-01
947 7.21297e-01 9.27811e-01
948 7.23601e-01 9.20734e-01
949 7.32194e-01 9.35256e-01
950 7.20439e-01 9.22070e-01
951 7.53150e-01 9.16155e-01
952 7.38655e-01 9.23137e-01
953 7.44291e-01 9.16511e-01
954 7.40038e-01 9.31799e-01
955 7.31580e-01 9.19452e-01
956 7.24313e-01 9.10963e-01
957 7.33171e-01 9.31256e-01
958 7.22181e-01 9.18994e-01
959 7.51722e-01 9.17013e-01
960 7.38988e-01 9.25313e-01
961 7.33725e-01 9.22646e-01
962 7.28662e-01 9.33108e-01
963 7.37582e-01 9.50496e-01
964 7.39839e-01 9.25301e-01
965 7.20288e-01 9.22657e-01
966 7.18871e-01 9.28757e-01
967 7.35703e-01 9.09588e-01
968 7.15855e-01 9.05391e-01
969 7.16142e-01 9.15045e-01
970 7.09334e-01 9.12972e-01
971 7.13663e-01 9.18065e-01
972 7.20928e-01 9.31627e-01
973 7.19759e-01 9.14999e-01
974 7.26325e-01 9.24855e-01
975 7.16810e-01 9.26194e-01
976 7.34778e-01 9.14175e-01
977 7.10631e-01 9.20062e-01
978 7.42362e-01 9.34334e-01
979 7.49263e-01 9.16820e-01
980 7.35478e-01 9.18726e-01
981 7.15085e-01 9.03860e-01
982 7.28044e-01 9.09923e-01
983 7.19131e-01 9.08788e-01
984 7.20995e-01 9.10475e-01
985 7.40072e-01 9.22650e-01
986 7.25654e-01 9.14684e-01
987 6.93555e-01 9.17110e-01
988 7.36778e-01 9.16489e-01
989 7.11484e-01 9.07382e-01
990 7.25766e-01 9.17506e-01
991 7.08309e-01 9.08818e-01
992 7.24518e-01 9.13991e-01
993 7.18380e-01 9.35555e-01
994 7.23399e-01 9.22772e-01
995 7.31628e-01 9.09943e-01
996 7.01009e-01 9.22373e-01
997 7.38640e-01 9.12172e-01
998 7.25427e-01 9.12609e-01
999 7.14057e-01 9.18827e-01
