training dataset: fesc_test
seed = 5
umFeatures = 7
Feature List: SFRs, Mstars, masses, redshifts, fgases, min_dist, t_lookback
fluxSize = 4
batch_size = 256
epochs     = 1000
0 epoch  1 train loss  2 test loss
0 1.35028e+00 1.33063e+00
1 1.31336e+00 1.28771e+00
2 1.26476e+00 1.12114e+00
3 1.18837e+00 1.15516e+00
4 1.15112e+00 1.10863e+00
5 1.14903e+00 1.06479e+00
6 1.14556e+00 1.03012e+00
7 1.10756e+00 1.12171e+00
8 1.12537e+00 1.05023e+00
9 1.07490e+00 1.01531e+00
10 1.09010e+00 1.08061e+00
11 1.09582e+00 1.02495e+00
12 1.06212e+00 9.83620e-01
13 1.05087e+00 1.02951e+00
14 1.06062e+00 9.93291e-01
15 1.03571e+00 9.58989e-01
16 1.04242e+00 9.65383e-01
17 1.04194e+00 9.77135e-01
18 1.04066e+00 1.01139e+00
19 1.03426e+00 9.76059e-01
20 1.02166e+00 9.72597e-01
21 1.01913e+00 9.67832e-01
22 1.02944e+00 9.84712e-01
23 1.01400e+00 9.58712e-01
24 1.00841e+00 9.52807e-01
25 1.00654e+00 9.59822e-01
26 1.01113e+00 9.57121e-01
27 1.00595e+00 9.57889e-01
28 9.89197e-01 9.59006e-01
29 1.00703e+00 9.66082e-01
30 1.00330e+00 9.65255e-01
31 9.99817e-01 9.39380e-01
32 9.95582e-01 9.49722e-01
33 9.95259e-01 9.47392e-01
34 9.86429e-01 9.79655e-01
35 9.98141e-01 9.38813e-01
36 9.80611e-01 9.28237e-01
37 9.95751e-01 9.45948e-01
38 9.82931e-01 9.71096e-01
39 9.73571e-01 9.49425e-01
40 9.85622e-01 9.46214e-01
41 9.72789e-01 9.33570e-01
42 9.80497e-01 9.46628e-01
43 9.79092e-01 9.30280e-01
44 9.69666e-01 9.27063e-01
45 9.67142e-01 9.38524e-01
46 9.81131e-01 9.38990e-01
47 9.89511e-01 9.39166e-01
48 9.71421e-01 9.29685e-01
49 9.76237e-01 9.31324e-01
50 9.76684e-01 9.32648e-01
51 9.74022e-01 1.01673e+00
52 9.91696e-01 9.50210e-01
53 9.66495e-01 9.51271e-01
54 9.82589e-01 9.44760e-01
55 9.63545e-01 9.24441e-01
56 9.77387e-01 9.32403e-01
57 9.71186e-01 9.44339e-01
58 9.75813e-01 9.22945e-01
59 9.66062e-01 9.34387e-01
60 9.67066e-01 9.36967e-01
61 9.59501e-01 9.17722e-01
62 9.72065e-01 9.29766e-01
63 9.58298e-01 9.25800e-01
64 9.67763e-01 9.70639e-01
65 9.83054e-01 9.32029e-01
66 9.63904e-01 9.35337e-01
67 9.61925e-01 9.18882e-01
68 9.62815e-01 9.25070e-01
69 9.56742e-01 9.50605e-01
70 9.71246e-01 9.24552e-01
71 9.75831e-01 9.23509e-01
72 9.73266e-01 9.12874e-01
73 9.54754e-01 9.16863e-01
74 9.59794e-01 9.70328e-01
75 9.55615e-01 9.05415e-01
76 9.69192e-01 9.26987e-01
77 9.65810e-01 9.19002e-01
78 9.50612e-01 9.29606e-01
79 9.65685e-01 9.30635e-01
80 9.53044e-01 9.24122e-01
81 9.66751e-01 9.36587e-01
82 9.61129e-01 9.31889e-01
83 9.62736e-01 9.13877e-01
84 9.57737e-01 9.29460e-01
85 9.58791e-01 9.22022e-01
86 9.66035e-01 9.20404e-01
87 9.61668e-01 9.05629e-01
88 9.70910e-01 9.50049e-01
89 9.57242e-01 9.06724e-01
90 9.69552e-01 9.34323e-01
91 9.60031e-01 9.37163e-01
92 9.73435e-01 1.01495e+00
93 9.65340e-01 9.03568e-01
94 9.52114e-01 9.31328e-01
95 9.74343e-01 9.57974e-01
96 9.58589e-01 9.07444e-01
97 9.62123e-01 9.22167e-01
98 9.52876e-01 9.20870e-01
99 9.62845e-01 9.07978e-01
100 9.52177e-01 9.38465e-01
101 9.68542e-01 9.27874e-01
102 9.56975e-01 9.17118e-01
103 9.60751e-01 8.97820e-01
104 9.69654e-01 9.28195e-01
105 9.44269e-01 9.07880e-01
106 9.66628e-01 9.40778e-01
107 9.64839e-01 9.34689e-01
108 9.71880e-01 9.46875e-01
109 9.57113e-01 9.20014e-01
110 9.72489e-01 9.13166e-01
111 9.59582e-01 9.27984e-01
112 9.48071e-01 9.33297e-01
113 9.60319e-01 9.01738e-01
114 9.82504e-01 9.17001e-01
115 9.80741e-01 9.16631e-01
116 9.64417e-01 9.18397e-01
117 9.62269e-01 9.21429e-01
118 9.47873e-01 9.33793e-01
119 9.69895e-01 9.27453e-01
120 9.86755e-01 9.31647e-01
121 9.71426e-01 9.20783e-01
122 9.55408e-01 9.12087e-01
123 9.53550e-01 9.50741e-01
124 9.51353e-01 9.26136e-01
125 9.62373e-01 9.26357e-01
126 9.56119e-01 8.94949e-01
127 9.59100e-01 9.06715e-01
128 9.57059e-01 9.15864e-01
129 9.50906e-01 9.60440e-01
130 9.52164e-01 9.08172e-01
131 9.52654e-01 9.47263e-01
132 9.57911e-01 9.06305e-01
133 9.63942e-01 9.38658e-01
134 9.72584e-01 9.24143e-01
135 9.63830e-01 9.03248e-01
136 9.51070e-01 9.12606e-01
137 9.45828e-01 9.05755e-01
138 9.61126e-01 9.07618e-01
139 9.56846e-01 9.33868e-01
140 9.65001e-01 9.33199e-01
141 9.59103e-01 9.19578e-01
142 9.57523e-01 9.26094e-01
143 9.54952e-01 8.98277e-01
144 9.58616e-01 9.18738e-01
145 9.56480e-01 9.30178e-01
146 9.60155e-01 9.06745e-01
147 9.58315e-01 8.98935e-01
148 9.45631e-01 9.10278e-01
149 9.62090e-01 9.17988e-01
150 9.57941e-01 9.15715e-01
151 9.59107e-01 9.03311e-01
152 9.57271e-01 9.02617e-01
153 9.45240e-01 9.05782e-01
154 9.55970e-01 9.24221e-01
155 9.61185e-01 9.19301e-01
156 9.57222e-01 9.19690e-01
157 9.63033e-01 9.19033e-01
158 9.52675e-01 9.04926e-01
159 9.58219e-01 9.42101e-01
160 9.53466e-01 9.16497e-01
161 9.54804e-01 9.00624e-01
162 9.40573e-01 9.08471e-01
163 9.53366e-01 9.30848e-01
164 9.45184e-01 9.07779e-01
165 9.68998e-01 9.35727e-01
166 9.75852e-01 9.45610e-01
167 9.68076e-01 9.02110e-01
168 9.66814e-01 9.31803e-01
169 9.66456e-01 9.20308e-01
170 9.72958e-01 9.55068e-01
171 9.84894e-01 9.20800e-01
172 9.72746e-01 9.35083e-01
173 9.61790e-01 9.18638e-01
174 9.67610e-01 9.12711e-01
175 9.69155e-01 9.19881e-01
176 9.63280e-01 9.51219e-01
177 9.66209e-01 9.22156e-01
178 9.57452e-01 8.97407e-01
179 9.55487e-01 9.04208e-01
180 9.52980e-01 9.63622e-01
181 9.73655e-01 9.16577e-01
182 9.65503e-01 9.30958e-01
183 9.53478e-01 9.23725e-01
184 9.68273e-01 9.06771e-01
185 9.53300e-01 9.16058e-01
186 9.53327e-01 9.24922e-01
187 9.70849e-01 9.07710e-01
188 9.60062e-01 9.59812e-01
189 9.73890e-01 9.28671e-01
190 9.68532e-01 9.30947e-01
191 9.62876e-01 9.13527e-01
192 9.60550e-01 9.24082e-01
193 9.51200e-01 9.37049e-01
194 9.57958e-01 9.05844e-01
195 9.56135e-01 9.02130e-01
196 9.54976e-01 9.10184e-01
197 9.53084e-01 9.20037e-01
198 9.44849e-01 9.05167e-01
199 9.59272e-01 9.01068e-01
200 9.66166e-01 9.12485e-01
201 9.51808e-01 8.99554e-01
202 9.71777e-01 9.16596e-01
203 9.62862e-01 9.12100e-01
204 9.51505e-01 9.15548e-01
205 9.52979e-01 9.51946e-01
206 9.52945e-01 9.21403e-01
207 9.52974e-01 8.92504e-01
208 9.62566e-01 9.07776e-01
209 9.49653e-01 9.03234e-01
210 9.67937e-01 9.07728e-01
211 9.37921e-01 9.27943e-01
212 9.61896e-01 9.38732e-01
213 9.58819e-01 9.00052e-01
214 9.70546e-01 9.32293e-01
215 9.56297e-01 9.08368e-01
216 9.60152e-01 9.18598e-01
217 9.58402e-01 9.01786e-01
218 9.64432e-01 9.18005e-01
219 9.61003e-01 9.20177e-01
220 9.47976e-01 9.27072e-01
221 9.52260e-01 9.28682e-01
222 9.65337e-01 9.16246e-01
223 9.42597e-01 9.49622e-01
224 9.83428e-01 9.28172e-01
225 9.72212e-01 9.27686e-01
226 9.72803e-01 9.07157e-01
227 9.46297e-01 8.99589e-01
228 9.69165e-01 9.49538e-01
229 9.64902e-01 9.12250e-01
230 9.53648e-01 9.08176e-01
231 9.67225e-01 9.13023e-01
232 9.54886e-01 8.97118e-01
233 9.56515e-01 9.15095e-01
234 9.57800e-01 9.18959e-01
235 9.47083e-01 9.27971e-01
236 9.59177e-01 9.32812e-01
237 9.62174e-01 9.47622e-01
238 9.68345e-01 9.08799e-01
239 9.56572e-01 8.89683e-01
240 9.66542e-01 9.17949e-01
241 9.62502e-01 9.15618e-01
242 9.50800e-01 9.35851e-01
243 9.63656e-01 9.15920e-01
244 9.50029e-01 9.08150e-01
245 9.78968e-01 9.19909e-01
246 9.56912e-01 9.34877e-01
247 9.59375e-01 9.52786e-01
248 9.66629e-01 9.03259e-01
249 9.62841e-01 9.37024e-01
250 9.59261e-01 9.07509e-01
251 9.69275e-01 9.20046e-01
252 9.57316e-01 9.11707e-01
253 9.39951e-01 9.30251e-01
254 9.68869e-01 9.16435e-01
255 9.37233e-01 9.18937e-01
256 9.58655e-01 9.00689e-01
257 9.67138e-01 9.19606e-01
258 9.56866e-01 9.04306e-01
259 9.52815e-01 8.98027e-01
260 9.50657e-01 9.15714e-01
261 9.51671e-01 8.98044e-01
262 9.76172e-01 9.00333e-01
263 9.60806e-01 9.00208e-01
264 9.60079e-01 8.95977e-01
265 9.52269e-01 9.11019e-01
266 9.55417e-01 8.96659e-01
267 9.57897e-01 9.02707e-01
268 9.45757e-01 9.51398e-01
269 9.50588e-01 9.61702e-01
270 9.74056e-01 9.08154e-01
271 9.82514e-01 9.29125e-01
272 9.56710e-01 9.36181e-01
273 9.67675e-01 9.29473e-01
274 9.65667e-01 8.97112e-01
275 9.55859e-01 8.97949e-01
276 9.68789e-01 9.15087e-01
277 9.62494e-01 9.00277e-01
278 9.63608e-01 9.10738e-01
279 9.54655e-01 9.08816e-01
280 9.82961e-01 9.92694e-01
281 9.73514e-01 9.30730e-01
282 9.56708e-01 9.21297e-01
283 9.65179e-01 9.05574e-01
284 9.67365e-01 9.03043e-01
285 9.60580e-01 9.42693e-01
286 9.65745e-01 8.95223e-01
287 9.47227e-01 9.18262e-01
288 9.73898e-01 9.34935e-01
289 9.47898e-01 9.03550e-01
290 9.61681e-01 9.37488e-01
291 9.58663e-01 9.52641e-01
292 9.69582e-01 9.45348e-01
293 9.73078e-01 9.35217e-01
294 9.66239e-01 9.06394e-01
295 9.84303e-01 9.15633e-01
296 9.83329e-01 9.46427e-01
297 9.69495e-01 9.17378e-01
298 9.51080e-01 9.10176e-01
299 9.62803e-01 8.96253e-01
300 9.65174e-01 9.06555e-01
301 9.56745e-01 9.20079e-01
302 9.78144e-01 9.28592e-01
303 9.58326e-01 9.10563e-01
304 9.73144e-01 9.30033e-01
305 9.43911e-01 9.32760e-01
306 9.51035e-01 9.19581e-01
307 9.52782e-01 9.02090e-01
308 9.67806e-01 9.41165e-01
309 9.57563e-01 9.19723e-01
310 9.56044e-01 9.14887e-01
311 9.62821e-01 9.24995e-01
312 9.46917e-01 9.12789e-01
313 9.46215e-01 8.94613e-01
314 9.50651e-01 9.12996e-01
315 9.54709e-01 9.04102e-01
316 9.47239e-01 8.96200e-01
317 9.58983e-01 9.11493e-01
318 9.74626e-01 9.10940e-01
319 9.74949e-01 9.30828e-01
320 9.69635e-01 9.47705e-01
321 9.63224e-01 9.29484e-01
322 9.73067e-01 9.33052e-01
323 9.47044e-01 9.49776e-01
324 9.61157e-01 9.70933e-01
325 9.73887e-01 9.17396e-01
326 9.52998e-01 9.20809e-01
327 9.54186e-01 8.97820e-01
328 9.71105e-01 9.09799e-01
329 9.61995e-01 8.95266e-01
330 9.47052e-01 9.11662e-01
331 9.65035e-01 9.03101e-01
332 9.50954e-01 9.21105e-01
333 9.46995e-01 9.12033e-01
334 9.46027e-01 9.04284e-01
335 9.54582e-01 9.19004e-01
336 9.63122e-01 9.22289e-01
337 9.57996e-01 9.05715e-01
338 9.55435e-01 9.14535e-01
339 9.73600e-01 9.29953e-01
340 9.52096e-01 9.15799e-01
341 9.61335e-01 9.06891e-01
342 9.48180e-01 9.35016e-01
343 9.48876e-01 9.75821e-01
344 9.64949e-01 9.12192e-01
345 9.60164e-01 9.05434e-01
346 9.50958e-01 9.23684e-01
347 9.61568e-01 9.21821e-01
348 9.47396e-01 9.33620e-01
349 9.64408e-01 9.51764e-01
350 9.64971e-01 9.01314e-01
351 9.62122e-01 9.20781e-01
352 9.55997e-01 9.28538e-01
353 9.67427e-01 9.14629e-01
354 9.58380e-01 9.37559e-01
355 9.78686e-01 9.41372e-01
356 9.60626e-01 9.30980e-01
357 9.61868e-01 8.99168e-01
358 9.75827e-01 9.18561e-01
359 9.52264e-01 9.06360e-01
360 9.65751e-01 9.05497e-01
361 9.65709e-01 9.33263e-01
362 9.52894e-01 9.10317e-01
363 9.64189e-01 9.25332e-01
364 9.52293e-01 9.48665e-01
365 9.33739e-01 9.00108e-01
366 9.71815e-01 9.42155e-01
367 9.61419e-01 9.31331e-01
368 9.66672e-01 9.36982e-01
369 9.85914e-01 9.22319e-01
370 9.62580e-01 8.98584e-01
371 9.63800e-01 9.32658e-01
372 9.66643e-01 9.24694e-01
373 9.85652e-01 9.43392e-01
374 9.70561e-01 9.21040e-01
375 9.60980e-01 9.15371e-01
376 9.45968e-01 9.44965e-01
377 9.78153e-01 9.11196e-01
378 9.55054e-01 9.04414e-01
379 9.85285e-01 8.99578e-01
380 9.58408e-01 9.11414e-01
381 9.69545e-01 9.13666e-01
382 9.77965e-01 9.21256e-01
383 9.62032e-01 9.34344e-01
384 9.69107e-01 9.02955e-01
385 9.55347e-01 9.30482e-01
386 9.59346e-01 9.06404e-01
387 9.61836e-01 9.45102e-01
388 9.57978e-01 9.45055e-01
389 9.54372e-01 9.02900e-01
390 9.53991e-01 9.57556e-01
391 9.75304e-01 9.52991e-01
392 9.70649e-01 9.10762e-01
393 9.62712e-01 9.26314e-01
394 9.54857e-01 9.22425e-01
395 9.69278e-01 9.07794e-01
396 9.70394e-01 9.34419e-01
397 9.58602e-01 9.36489e-01
398 9.69495e-01 9.41656e-01
399 9.60874e-01 9.07663e-01
400 9.49066e-01 9.16021e-01
401 9.59806e-01 9.18309e-01
402 9.48693e-01 9.45291e-01
403 9.64657e-01 9.24283e-01
404 9.52269e-01 9.20802e-01
405 9.49496e-01 9.15363e-01
406 9.49984e-01 9.24418e-01
407 9.49055e-01 9.23109e-01
408 9.67591e-01 9.41731e-01
409 9.66825e-01 9.21911e-01
410 9.53454e-01 9.31654e-01
411 9.60262e-01 9.00706e-01
412 9.60150e-01 9.05333e-01
413 9.47436e-01 9.49994e-01
414 9.56887e-01 9.30372e-01
415 9.58581e-01 8.95023e-01
416 9.51265e-01 8.84111e-01
417 9.69815e-01 8.92906e-01
418 9.63542e-01 9.48680e-01
419 9.71223e-01 9.20348e-01
420 9.63741e-01 9.16563e-01
421 9.63815e-01 9.13325e-01
422 9.46592e-01 9.41520e-01
423 9.61935e-01 9.04938e-01
424 9.67595e-01 9.48078e-01
425 9.61254e-01 9.27146e-01
426 9.56798e-01 9.23803e-01
427 9.43511e-01 9.07967e-01
428 9.61281e-01 9.30993e-01
429 9.50794e-01 8.99518e-01
430 9.63866e-01 9.30080e-01
431 9.77582e-01 9.32436e-01
432 9.93647e-01 9.18712e-01
433 9.72183e-01 9.14480e-01
434 9.77440e-01 8.98841e-01
435 9.63479e-01 9.42854e-01
436 9.82762e-01 9.28140e-01
437 9.82656e-01 9.15993e-01
438 9.66180e-01 9.50778e-01
439 9.60157e-01 9.03055e-01
440 9.58883e-01 9.60827e-01
441 9.78200e-01 9.25527e-01
442 9.50752e-01 9.18645e-01
443 9.53291e-01 9.31307e-01
444 9.67995e-01 9.43929e-01
445 9.81960e-01 9.11748e-01
446 9.77630e-01 9.44256e-01
447 9.66511e-01 9.49394e-01
448 9.56785e-01 9.13746e-01
449 9.70722e-01 9.26482e-01
450 9.61225e-01 9.34712e-01
451 9.81361e-01 9.62329e-01
452 9.94329e-01 9.63195e-01
453 9.71676e-01 9.14524e-01
454 9.69212e-01 9.37730e-01
455 9.61474e-01 9.00717e-01
456 9.65305e-01 9.19155e-01
457 9.70263e-01 9.22885e-01
458 9.59324e-01 9.30842e-01
459 9.63847e-01 9.02513e-01
460 9.72701e-01 9.11985e-01
461 9.66537e-01 9.28157e-01
462 9.47233e-01 9.31214e-01
463 9.57429e-01 9.25275e-01
464 9.64583e-01 9.27535e-01
465 9.59365e-01 9.13367e-01
466 9.58542e-01 9.08892e-01
467 9.52162e-01 9.09383e-01
468 9.75249e-01 9.33146e-01
469 9.58611e-01 9.45741e-01
470 9.74411e-01 8.96678e-01
471 9.57300e-01 9.39031e-01
472 9.50196e-01 9.03163e-01
473 9.63321e-01 8.98074e-01
474 9.50231e-01 9.12986e-01
475 9.60301e-01 9.66685e-01
476 9.68545e-01 9.58491e-01
477 9.68401e-01 9.23395e-01
478 9.61612e-01 9.25140e-01
479 9.90388e-01 9.51368e-01
480 1.02753e+00 9.67670e-01
481 9.72474e-01 9.42544e-01
482 9.70187e-01 9.02823e-01
483 9.74700e-01 9.41405e-01
484 9.77627e-01 9.29216e-01
485 9.85143e-01 9.26238e-01
486 9.58024e-01 9.11984e-01
487 9.56992e-01 9.31127e-01
488 9.73167e-01 9.14393e-01
489 9.54800e-01 9.43410e-01
490 9.57019e-01 9.07138e-01
491 9.62859e-01 9.35273e-01
492 9.44922e-01 9.35847e-01
493 9.59056e-01 8.98158e-01
494 9.64168e-01 9.12005e-01
495 9.65855e-01 8.92350e-01
496 9.71663e-01 9.47792e-01
497 9.65122e-01 9.40164e-01
498 9.55188e-01 9.45343e-01
499 9.44729e-01 9.31463e-01
500 9.60827e-01 9.14560e-01
501 9.46157e-01 9.24926e-01
502 9.61675e-01 8.90170e-01
503 9.82200e-01 9.27437e-01
504 9.56070e-01 9.03180e-01
505 9.58825e-01 9.48159e-01
506 9.66843e-01 9.32956e-01
507 9.64457e-01 9.30935e-01
508 9.44556e-01 9.05410e-01
509 9.71503e-01 9.18114e-01
510 9.60421e-01 9.33492e-01
511 9.56797e-01 9.08576e-01
512 9.66527e-01 9.22120e-01
513 9.63540e-01 9.55811e-01
514 9.66390e-01 9.06722e-01
515 9.77206e-01 9.01983e-01
516 9.54167e-01 9.12159e-01
517 9.63906e-01 9.01898e-01
518 9.51807e-01 9.01289e-01
519 9.54594e-01 9.16665e-01
520 9.59322e-01 9.03591e-01
521 9.65885e-01 9.11264e-01
522 9.56629e-01 9.33366e-01
523 9.55456e-01 9.61071e-01
524 9.60109e-01 9.11834e-01
525 9.40707e-01 9.06380e-01
526 9.63507e-01 9.22774e-01
527 9.43405e-01 9.08378e-01
528 9.71860e-01 9.20703e-01
529 9.54289e-01 9.12194e-01
530 9.54715e-01 9.06376e-01
531 9.59228e-01 9.55502e-01
532 9.71006e-01 8.89264e-01
533 9.67050e-01 9.07860e-01
534 9.44015e-01 9.29986e-01
535 9.58015e-01 9.00586e-01
536 9.62740e-01 9.20357e-01
537 9.60596e-01 9.16367e-01
538 9.56294e-01 9.33573e-01
539 9.54932e-01 9.27677e-01
540 9.50447e-01 9.56683e-01
541 9.55888e-01 9.50135e-01
542 9.73769e-01 9.46199e-01
543 9.73790e-01 9.21379e-01
544 9.62466e-01 9.06979e-01
545 9.63920e-01 9.13984e-01
546 9.61517e-01 8.99718e-01
547 9.63297e-01 9.10667e-01
548 9.72207e-01 9.24559e-01
549 9.57938e-01 9.14978e-01
550 9.56013e-01 8.98186e-01
551 9.64501e-01 9.39312e-01
552 9.47575e-01 9.10523e-01
553 9.65426e-01 9.08763e-01
554 9.59289e-01 9.06196e-01
555 9.54159e-01 9.06287e-01
556 9.44453e-01 9.52670e-01
557 1.00234e+00 9.35518e-01
558 9.72153e-01 9.20388e-01
559 9.65023e-01 9.09260e-01
560 9.77061e-01 9.08821e-01
561 9.54556e-01 8.96693e-01
562 9.57109e-01 9.23688e-01
563 9.58912e-01 9.36513e-01
564 9.72071e-01 9.16050e-01
565 9.54151e-01 8.91431e-01
566 9.61390e-01 9.45779e-01
567 9.67039e-01 9.12732e-01
568 9.57919e-01 9.32669e-01
569 9.72488e-01 9.40758e-01
570 9.54253e-01 9.22311e-01
571 9.72267e-01 9.09367e-01
572 9.65184e-01 9.25217e-01
573 9.74359e-01 9.13588e-01
574 9.49033e-01 9.04366e-01
575 9.57075e-01 9.06675e-01
576 9.66538e-01 9.10837e-01
577 9.82628e-01 9.05235e-01
578 9.87881e-01 9.40968e-01
579 9.71257e-01 9.84546e-01
580 9.80912e-01 9.36224e-01
581 9.72514e-01 9.53029e-01
582 9.76526e-01 9.35674e-01
583 9.57075e-01 9.10216e-01
584 9.86860e-01 9.16893e-01
585 9.57334e-01 9.40139e-01
586 9.62508e-01 9.03942e-01
587 9.67561e-01 9.45420e-01
588 9.65908e-01 9.39242e-01
589 9.53056e-01 9.07840e-01
590 9.56369e-01 9.48881e-01
591 9.56067e-01 9.11231e-01
592 9.60984e-01 8.99500e-01
593 9.46479e-01 9.01327e-01
594 9.76085e-01 9.23902e-01
595 9.70899e-01 9.01585e-01
596 9.68828e-01 9.20658e-01
597 9.54541e-01 9.16567e-01
598 9.72137e-01 9.12695e-01
599 9.63798e-01 9.06257e-01
600 9.48614e-01 9.07603e-01
601 9.73596e-01 9.68508e-01
602 9.69875e-01 9.05503e-01
603 9.57771e-01 9.27480e-01
604 9.47550e-01 9.49272e-01
605 9.50014e-01 9.35328e-01
606 9.51766e-01 9.10581e-01
607 9.56557e-01 9.27985e-01
608 9.50767e-01 9.18274e-01
609 9.44020e-01 9.25101e-01
610 9.57600e-01 8.94581e-01
611 9.46457e-01 9.27721e-01
612 9.65016e-01 9.31882e-01
613 9.61377e-01 9.04311e-01
614 9.58870e-01 9.15272e-01
615 9.50399e-01 9.28330e-01
616 9.51816e-01 9.60971e-01
617 9.67050e-01 9.52000e-01
618 9.66775e-01 9.04640e-01
619 9.76501e-01 9.27393e-01
620 9.56865e-01 9.06037e-01
621 9.58647e-01 9.52646e-01
622 9.53960e-01 9.40104e-01
623 9.74693e-01 9.72463e-01
624 9.63432e-01 9.06201e-01
625 9.44604e-01 9.29148e-01
626 9.73384e-01 8.94361e-01
627 9.76014e-01 8.91818e-01
628 9.77110e-01 8.92617e-01
629 9.68682e-01 9.48133e-01
630 9.57501e-01 9.25767e-01
631 9.55590e-01 8.98512e-01
632 9.58631e-01 9.25071e-01
633 9.65137e-01 9.32657e-01
634 9.60712e-01 8.97558e-01
635 9.84636e-01 9.21541e-01
636 9.54986e-01 9.03848e-01
637 9.57083e-01 9.41249e-01
638 9.54718e-01 9.48746e-01
639 9.43611e-01 9.22852e-01
640 9.54591e-01 9.36724e-01
641 9.64627e-01 9.41292e-01
642 9.47258e-01 9.10598e-01
643 9.42741e-01 9.15461e-01
644 9.67978e-01 8.93020e-01
645 9.68525e-01 9.04989e-01
646 9.73029e-01 9.35783e-01
647 9.58616e-01 9.37169e-01
648 9.61104e-01 9.07834e-01
649 9.54469e-01 9.31106e-01
650 9.50772e-01 9.11152e-01
651 9.68040e-01 9.72139e-01
652 9.70457e-01 9.56914e-01
653 9.72200e-01 9.17036e-01
654 9.44308e-01 9.24489e-01
655 9.57519e-01 9.13879e-01
656 9.58124e-01 9.03592e-01
657 9.53109e-01 9.41523e-01
658 9.61906e-01 9.23834e-01
659 9.50478e-01 9.09811e-01
660 9.63298e-01 9.45389e-01
661 9.57918e-01 9.07591e-01
662 9.57692e-01 9.21040e-01
663 9.44869e-01 9.18765e-01
664 9.58716e-01 9.52228e-01
665 9.58349e-01 9.22009e-01
666 9.58302e-01 9.15022e-01
667 9.58523e-01 9.01444e-01
668 9.46911e-01 9.57546e-01
669 9.59338e-01 9.54656e-01
670 9.54267e-01 9.02889e-01
671 9.69326e-01 9.02046e-01
672 9.54614e-01 9.06923e-01
673 9.60462e-01 9.11697e-01
674 9.51897e-01 9.68794e-01
675 9.65833e-01 9.43678e-01
676 9.65670e-01 9.29179e-01
677 9.57644e-01 9.38598e-01
678 9.65980e-01 9.12567e-01
679 9.58266e-01 9.11999e-01
680 9.66959e-01 9.21150e-01
681 9.62868e-01 9.11624e-01
682 9.43359e-01 9.30073e-01
683 9.45863e-01 9.16972e-01
684 9.83412e-01 9.38008e-01
685 9.66531e-01 9.14692e-01
686 9.61021e-01 9.20956e-01
687 9.57231e-01 9.18103e-01
688 9.53487e-01 9.10855e-01
689 9.72868e-01 9.00345e-01
690 9.57307e-01 9.33308e-01
691 9.63855e-01 9.01586e-01
692 9.64549e-01 9.23333e-01
693 9.54729e-01 9.28730e-01
694 9.63803e-01 9.18833e-01
695 9.94794e-01 9.08382e-01
696 9.70618e-01 9.31926e-01
697 9.67079e-01 9.04314e-01
698 9.59381e-01 8.98853e-01
699 9.68412e-01 9.12431e-01
700 9.62405e-01 9.09793e-01
701 9.56801e-01 8.97126e-01
702 9.68397e-01 9.15510e-01
703 9.55495e-01 9.39401e-01
704 9.69402e-01 9.37633e-01
705 9.65846e-01 9.02949e-01
706 9.54997e-01 9.35796e-01
707 9.70288e-01 9.07645e-01
708 9.60566e-01 9.07337e-01
709 9.72761e-01 9.16694e-01
710 9.66198e-01 8.98666e-01
711 9.64440e-01 9.39263e-01
712 9.52773e-01 9.24610e-01
713 9.57477e-01 9.24869e-01
714 9.58840e-01 9.32641e-01
715 9.75804e-01 9.32676e-01
716 9.69886e-01 9.12102e-01
717 9.77816e-01 9.06184e-01
718 9.79269e-01 9.22260e-01
719 9.78616e-01 9.08288e-01
720 9.80873e-01 9.41330e-01
721 9.53180e-01 9.06888e-01
722 9.56278e-01 9.18977e-01
723 9.62771e-01 9.06373e-01
724 9.61126e-01 9.49022e-01
725 9.62634e-01 9.13547e-01
726 9.49669e-01 9.06274e-01
727 9.78621e-01 9.04524e-01
728 9.55521e-01 9.03215e-01
729 9.81502e-01 9.41796e-01
730 9.69582e-01 9.07922e-01
731 9.55385e-01 9.63035e-01
732 9.65853e-01 9.33118e-01
733 9.56229e-01 9.42380e-01
734 9.58097e-01 9.50546e-01
735 9.84613e-01 9.30806e-01
736 9.59889e-01 9.10662e-01
737 9.52031e-01 9.35618e-01
738 9.75108e-01 8.93811e-01
739 9.74829e-01 9.52963e-01
740 9.67458e-01 9.13515e-01
741 9.57680e-01 9.23851e-01
742 9.57568e-01 9.14066e-01
743 9.51747e-01 9.56288e-01
744 9.66800e-01 9.01262e-01
745 9.51394e-01 9.19858e-01
746 9.63151e-01 9.14145e-01
747 9.61119e-01 9.12575e-01
748 9.70010e-01 9.44907e-01
749 9.64742e-01 9.31402e-01
750 9.56095e-01 9.08141e-01
751 9.67410e-01 9.16569e-01
752 9.37834e-01 9.00541e-01
753 9.55904e-01 9.28696e-01
754 9.32424e-01 9.25738e-01
755 9.62879e-01 9.07051e-01
756 9.75509e-01 9.36350e-01
757 9.69399e-01 9.02863e-01
758 9.49842e-01 9.27034e-01
759 9.42901e-01 9.11661e-01
760 9.64142e-01 9.08035e-01
761 9.45300e-01 9.17268e-01
762 9.44247e-01 9.42977e-01
763 9.63468e-01 9.21108e-01
764 9.51563e-01 9.20356e-01
765 9.61453e-01 9.19929e-01
766 9.74638e-01 9.02965e-01
767 9.61535e-01 9.16058e-01
768 9.61935e-01 9.17815e-01
769 9.55517e-01 9.47856e-01
770 9.57960e-01 9.00269e-01
771 9.68072e-01 9.24077e-01
772 9.62610e-01 9.12775e-01
773 9.49441e-01 9.03593e-01
774 9.61237e-01 9.03996e-01
775 9.60221e-01 9.13085e-01
776 9.54033e-01 9.01539e-01
777 9.54160e-01 8.95561e-01
778 9.66642e-01 8.90144e-01
779 9.58445e-01 9.49798e-01
780 9.57044e-01 9.28038e-01
781 9.67935e-01 9.04321e-01
782 9.58351e-01 9.19315e-01
783 9.50950e-01 9.04180e-01
784 9.65249e-01 9.28954e-01
785 9.49428e-01 9.26997e-01
786 9.58583e-01 9.01275e-01
787 9.49807e-01 9.16644e-01
788 9.61875e-01 9.19600e-01
789 9.41762e-01 9.42069e-01
790 9.63088e-01 9.25933e-01
791 9.68197e-01 9.16600e-01
792 9.44990e-01 9.21734e-01
793 9.70849e-01 9.18677e-01
794 9.64986e-01 9.07752e-01
795 9.62949e-01 8.95364e-01
796 9.51826e-01 9.22500e-01
797 9.69045e-01 9.08366e-01
798 9.59741e-01 9.24797e-01
799 9.53857e-01 9.15432e-01
800 9.72466e-01 9.27224e-01
801 9.55873e-01 9.40518e-01
802 9.65069e-01 9.24407e-01
803 9.45942e-01 9.22467e-01
804 9.67587e-01 9.14372e-01
805 9.59023e-01 9.85807e-01
806 9.74464e-01 9.41386e-01
807 9.68868e-01 9.15458e-01
808 9.54118e-01 9.30583e-01
809 9.71847e-01 9.35023e-01
810 9.53039e-01 9.11118e-01
811 9.50076e-01 8.86584e-01
812 9.77150e-01 9.10049e-01
813 9.62107e-01 9.10930e-01
814 9.43616e-01 9.34894e-01
815 9.64680e-01 9.05989e-01
816 9.55713e-01 9.29271e-01
817 9.89999e-01 9.42403e-01
818 9.62400e-01 9.63080e-01
819 9.66416e-01 9.65170e-01
820 9.60658e-01 9.04058e-01
821 9.66172e-01 9.38824e-01
822 9.51572e-01 8.97087e-01
823 9.63964e-01 9.21504e-01
824 9.57125e-01 9.39176e-01
825 9.65968e-01 9.16084e-01
826 9.56873e-01 9.09354e-01
827 9.38078e-01 9.21267e-01
828 9.71221e-01 9.05280e-01
829 9.42798e-01 9.19939e-01
830 9.51907e-01 9.09248e-01
831 9.59684e-01 9.65474e-01
832 9.82565e-01 9.31493e-01
833 9.62325e-01 9.49620e-01
834 9.75123e-01 9.03372e-01
835 9.57523e-01 8.97843e-01
836 9.70880e-01 8.92525e-01
837 9.92422e-01 9.03672e-01
838 9.69814e-01 9.28364e-01
839 1.00455e+00 9.74521e-01
840 9.70352e-01 9.53382e-01
841 9.73940e-01 9.51128e-01
842 9.71691e-01 9.53683e-01
843 9.60425e-01 9.05682e-01
844 9.69600e-01 8.95485e-01
845 9.58895e-01 9.22861e-01
846 9.76831e-01 9.13076e-01
847 9.54332e-01 9.64368e-01
848 9.70781e-01 9.21061e-01
849 9.48579e-01 9.08720e-01
850 9.61856e-01 9.22432e-01
851 9.56784e-01 8.96652e-01
852 9.86766e-01 9.24563e-01
853 9.75619e-01 9.26903e-01
854 9.69318e-01 9.48677e-01
855 9.58625e-01 8.83570e-01
856 9.53835e-01 9.12227e-01
857 9.59802e-01 9.08460e-01
858 9.50645e-01 9.01132e-01
859 9.61319e-01 8.96028e-01
860 9.50289e-01 9.12449e-01
861 9.67495e-01 9.25497e-01
862 9.68469e-01 9.37430e-01
863 9.42752e-01 9.26442e-01
864 9.53978e-01 9.46033e-01
865 9.75714e-01 9.18363e-01
866 9.59098e-01 9.07780e-01
867 9.46487e-01 9.03053e-01
868 9.69216e-01 9.00758e-01
869 9.56063e-01 9.39500e-01
870 9.57193e-01 8.95585e-01
871 9.55040e-01 9.15563e-01
872 9.79092e-01 9.12069e-01
873 9.63591e-01 9.15149e-01
874 9.76203e-01 9.40241e-01
875 9.72927e-01 9.09643e-01
876 9.71278e-01 9.34859e-01
877 9.64197e-01 9.42521e-01
878 9.70584e-01 9.00306e-01
879 9.48826e-01 9.33975e-01
880 9.55273e-01 8.98007e-01
881 9.54675e-01 9.13822e-01
882 9.78638e-01 8.97144e-01
883 9.61069e-01 9.15112e-01
884 9.62712e-01 9.47616e-01
885 9.64007e-01 9.03565e-01
886 9.56008e-01 8.99951e-01
887 9.80548e-01 9.00839e-01
888 9.46328e-01 9.27103e-01
889 9.90478e-01 9.00978e-01
890 9.57850e-01 9.11840e-01
891 9.62260e-01 9.42024e-01
892 9.57055e-01 9.10784e-01
893 9.61746e-01 9.20838e-01
894 9.53020e-01 9.15014e-01
895 9.58705e-01 8.98521e-01
896 9.37760e-01 9.16585e-01
897 9.43659e-01 9.43580e-01
898 9.37184e-01 9.14238e-01
899 9.74014e-01 9.26168e-01
900 9.71954e-01 9.31333e-01
901 9.50963e-01 8.85807e-01
902 9.49279e-01 8.88164e-01
903 9.60945e-01 9.28999e-01
904 9.62387e-01 9.01771e-01
905 9.42633e-01 8.92785e-01
906 9.59764e-01 9.18621e-01
907 9.50226e-01 9.38463e-01
908 9.68820e-01 9.22924e-01
909 9.68445e-01 9.00522e-01
910 9.58850e-01 9.81721e-01
911 9.81781e-01 9.30665e-01
912 9.61404e-01 9.10961e-01
913 9.47633e-01 9.28273e-01
914 9.75393e-01 9.34295e-01
915 9.54122e-01 9.08890e-01
916 9.61452e-01 9.10798e-01
917 9.63277e-01 9.17906e-01
918 9.58158e-01 9.24960e-01
919 9.64529e-01 9.01737e-01
920 9.60836e-01 9.12282e-01
921 9.79145e-01 9.37443e-01
922 9.70537e-01 9.25229e-01
923 9.72211e-01 9.55780e-01
924 9.83952e-01 9.15703e-01
925 9.75349e-01 9.39777e-01
926 9.54597e-01 9.11636e-01
927 9.61251e-01 9.45778e-01
928 9.62409e-01 9.04703e-01
929 9.63850e-01 9.20111e-01
930 9.67380e-01 9.41772e-01
931 9.83073e-01 9.22877e-01
932 9.77434e-01 9.21062e-01
933 9.86739e-01 9.45338e-01
934 9.74642e-01 9.20007e-01
935 9.81485e-01 9.13727e-01
936 9.52365e-01 9.06563e-01
937 9.58078e-01 9.11541e-01
938 9.62919e-01 9.08549e-01
939 9.71761e-01 9.54606e-01
940 9.75990e-01 9.49609e-01
941 9.61503e-01 9.21346e-01
942 9.63228e-01 9.18175e-01
943 9.54309e-01 9.35393e-01
944 9.75397e-01 9.15972e-01
945 9.64041e-01 9.06942e-01
946 9.61450e-01 9.30322e-01
947 9.39186e-01 8.95075e-01
948 9.60934e-01 9.39130e-01
949 9.62786e-01 9.12222e-01
950 9.57550e-01 9.07896e-01
951 9.52786e-01 9.01041e-01
952 9.48136e-01 9.20325e-01
953 9.70474e-01 9.20602e-01
954 9.55410e-01 9.07649e-01
955 9.54009e-01 8.98126e-01
956 9.48238e-01 9.18324e-01
957 9.62214e-01 9.41144e-01
958 9.59289e-01 9.00825e-01
959 9.68595e-01 9.30981e-01
960 9.48226e-01 9.19455e-01
961 9.65000e-01 9.11410e-01
962 9.49177e-01 9.02397e-01
963 9.60030e-01 9.13612e-01
964 9.91392e-01 9.42376e-01
965 9.72042e-01 9.55574e-01
966 9.63599e-01 9.05498e-01
967 9.57503e-01 9.28303e-01
968 9.74202e-01 9.20307e-01
969 9.63214e-01 9.16223e-01
970 9.69937e-01 9.13575e-01
971 9.58275e-01 9.17426e-01
972 9.57314e-01 9.17717e-01
973 9.32443e-01 9.31868e-01
974 9.61183e-01 9.09117e-01
975 9.72640e-01 9.33707e-01
976 9.53199e-01 9.09301e-01
977 9.32729e-01 9.09820e-01
978 9.49480e-01 9.20303e-01
979 9.48113e-01 9.03725e-01
980 9.35611e-01 9.16281e-01
981 9.58204e-01 9.23641e-01
982 9.52747e-01 9.15550e-01
983 9.57374e-01 8.96769e-01
984 9.80602e-01 9.06400e-01
985 9.53898e-01 8.94957e-01
986 9.53159e-01 8.98199e-01
987 1.00403e+00 9.12335e-01
988 9.59151e-01 9.24808e-01
989 9.64304e-01 9.17194e-01
990 9.73242e-01 9.31786e-01
991 9.69367e-01 9.12832e-01
992 9.68479e-01 9.20923e-01
993 9.53050e-01 9.57826e-01
994 9.73726e-01 8.91761e-01
995 9.50448e-01 9.03599e-01
996 9.67350e-01 9.17832e-01
997 9.64572e-01 8.95230e-01
998 9.58182e-01 9.11265e-01
999 9.76354e-01 9.41214e-01
