training dataset: fesc_test
seed = 5
umFeatures = 7
Feature List: SFRs, Mstars, masses, redshifts, fgases, min_dist, t_lookback
fluxSize = 4
batch_size = 256
epochs     = 1000
0 epoch  1 train loss  2 test loss
0 1.81553e+00 1.09100e+00
1 1.19225e+00 1.02862e+00
2 1.11024e+00 1.00925e+00
3 1.08568e+00 9.92029e-01
4 1.07614e+00 9.70891e-01
5 1.05126e+00 9.90261e-01
6 1.01746e+00 9.46617e-01
7 1.02051e+00 9.60207e-01
8 1.02063e+00 9.51107e-01
9 1.00783e+00 9.49259e-01
10 9.98566e-01 9.39434e-01
11 9.86015e-01 9.44807e-01
12 9.78837e-01 9.31594e-01
13 9.76735e-01 9.46633e-01
14 9.87050e-01 9.33977e-01
15 9.78536e-01 9.23999e-01
16 9.77464e-01 9.29311e-01
17 9.71999e-01 9.24473e-01
18 9.53233e-01 9.23161e-01
19 9.63738e-01 9.25358e-01
20 9.61206e-01 9.27096e-01
21 9.68990e-01 9.49111e-01
22 9.67795e-01 9.27376e-01
23 9.59044e-01 9.22344e-01
24 9.56795e-01 9.30731e-01
25 9.62316e-01 9.32373e-01
26 9.56299e-01 9.45361e-01
27 9.54276e-01 9.20734e-01
28 9.50293e-01 9.11296e-01
29 9.45040e-01 9.24333e-01
30 9.55771e-01 9.26381e-01
31 9.53807e-01 9.13254e-01
32 9.42555e-01 9.11311e-01
33 9.50686e-01 9.25162e-01
34 9.45208e-01 9.18890e-01
35 9.55425e-01 9.41859e-01
36 9.71225e-01 9.09801e-01
37 9.39024e-01 9.73216e-01
38 9.58189e-01 9.02275e-01
39 9.55056e-01 9.09061e-01
40 9.44981e-01 9.11583e-01
41 9.41340e-01 9.06048e-01
42 9.42190e-01 8.98207e-01
43 9.52246e-01 9.33637e-01
44 9.56803e-01 9.00858e-01
45 9.43594e-01 9.06065e-01
46 9.42655e-01 9.06455e-01
47 9.49509e-01 8.97305e-01
48 9.50903e-01 8.89113e-01
49 9.40751e-01 9.19752e-01
50 9.44789e-01 9.04101e-01
51 9.32954e-01 8.89634e-01
52 9.35155e-01 9.09199e-01
53 9.47223e-01 9.00332e-01
54 9.34862e-01 8.98722e-01
55 9.22876e-01 9.17451e-01
56 9.42346e-01 9.71649e-01
57 9.54718e-01 9.01337e-01
58 9.33465e-01 9.03802e-01
59 9.28771e-01 9.01617e-01
60 9.44495e-01 9.03016e-01
61 9.32952e-01 8.86500e-01
62 9.23874e-01 8.85290e-01
63 9.35665e-01 8.91686e-01
64 9.47034e-01 8.99727e-01
65 9.30926e-01 8.87997e-01
66 9.22444e-01 8.99016e-01
67 9.21718e-01 8.90955e-01
68 9.50073e-01 9.26934e-01
69 9.41592e-01 9.05333e-01
70 9.25464e-01 8.98674e-01
71 9.27778e-01 9.07226e-01
72 9.28213e-01 8.99073e-01
73 9.44542e-01 8.87774e-01
74 9.29612e-01 8.99107e-01
75 9.28013e-01 9.04074e-01
76 9.43418e-01 8.90785e-01
77 9.44376e-01 8.99216e-01
78 9.34816e-01 8.80706e-01
79 9.31196e-01 8.98001e-01
80 9.32746e-01 8.89125e-01
81 9.40621e-01 9.30667e-01
82 9.38276e-01 8.86453e-01
83 9.27968e-01 8.82744e-01
84 9.36191e-01 9.08221e-01
85 9.35169e-01 8.92951e-01
86 9.32961e-01 8.90703e-01
87 9.34307e-01 8.84738e-01
88 9.35092e-01 9.00407e-01
89 9.35728e-01 9.00124e-01
90 9.40650e-01 9.13737e-01
91 9.31212e-01 8.84107e-01
92 9.28947e-01 8.87683e-01
93 9.34569e-01 8.86270e-01
94 9.27704e-01 9.36077e-01
95 9.37525e-01 8.96553e-01
96 9.40389e-01 8.85387e-01
97 9.33243e-01 8.89689e-01
98 9.35933e-01 8.81177e-01
99 9.34916e-01 8.93660e-01
100 9.30606e-01 8.90686e-01
101 9.28266e-01 9.02259e-01
102 9.31465e-01 9.05135e-01
103 9.24348e-01 8.92091e-01
104 9.36906e-01 8.93242e-01
105 9.37655e-01 8.85513e-01
106 9.28342e-01 9.01275e-01
107 9.33698e-01 8.84269e-01
108 9.41596e-01 8.85197e-01
109 9.44216e-01 8.89404e-01
110 9.35766e-01 9.04192e-01
111 9.39139e-01 9.07791e-01
112 9.39196e-01 9.05143e-01
113 9.32008e-01 9.00576e-01
114 9.32784e-01 8.82945e-01
115 9.20896e-01 8.82679e-01
116 9.27699e-01 9.13917e-01
117 9.58378e-01 9.23552e-01
118 9.41063e-01 8.82970e-01
119 9.39546e-01 8.85597e-01
120 9.27747e-01 9.14843e-01
121 9.27527e-01 8.83211e-01
122 9.30396e-01 9.03675e-01
123 9.32171e-01 8.86420e-01
124 9.33588e-01 8.86453e-01
125 9.42833e-01 9.03557e-01
126 9.20525e-01 9.07979e-01
127 9.47443e-01 8.85514e-01
128 9.18696e-01 8.92336e-01
129 9.31758e-01 9.56706e-01
130 9.39017e-01 9.02350e-01
131 9.33406e-01 8.89800e-01
132 9.48909e-01 9.24923e-01
133 9.42295e-01 8.89727e-01
134 9.24196e-01 8.94540e-01
135 9.30158e-01 8.82139e-01
136 9.27706e-01 8.94319e-01
137 9.41578e-01 9.03093e-01
138 9.53894e-01 9.05761e-01
139 9.27379e-01 8.77665e-01
140 9.38722e-01 8.80311e-01
141 9.34305e-01 8.83152e-01
142 9.21464e-01 8.80169e-01
143 9.35740e-01 9.20012e-01
144 9.29254e-01 9.02023e-01
145 9.21346e-01 8.85305e-01
146 9.29180e-01 8.74957e-01
147 9.22687e-01 8.82366e-01
148 9.42348e-01 8.86737e-01
149 9.35956e-01 8.89026e-01
150 9.31272e-01 9.11364e-01
151 9.26570e-01 8.86355e-01
152 9.17950e-01 9.02603e-01
153 9.43966e-01 8.89937e-01
154 9.24040e-01 8.85735e-01
155 9.34489e-01 8.78187e-01
156 9.34079e-01 8.99669e-01
157 9.43115e-01 8.88019e-01
158 9.27088e-01 8.88809e-01
159 9.18748e-01 8.85160e-01
160 9.27604e-01 9.06255e-01
161 9.29960e-01 9.30210e-01
162 9.40079e-01 8.92203e-01
163 9.32360e-01 9.05602e-01
164 9.28884e-01 8.79137e-01
165 9.28285e-01 8.95950e-01
166 9.16641e-01 8.79705e-01
167 9.34795e-01 8.93429e-01
168 9.26853e-01 8.81256e-01
169 9.18999e-01 9.10553e-01
170 9.39786e-01 8.98724e-01
171 9.26229e-01 8.80263e-01
172 9.47454e-01 8.94405e-01
173 9.29835e-01 9.10691e-01
174 9.32730e-01 8.82357e-01
175 9.20754e-01 8.85283e-01
176 9.35225e-01 8.80836e-01
177 9.36439e-01 8.86529e-01
178 9.42140e-01 9.47609e-01
179 9.56011e-01 8.88374e-01
180 9.37105e-01 8.82677e-01
181 9.28029e-01 8.78689e-01
182 9.25118e-01 9.70866e-01
183 9.45790e-01 9.01153e-01
184 9.35097e-01 8.79608e-01
185 9.40410e-01 9.42078e-01
186 9.34213e-01 8.99639e-01
187 9.26677e-01 9.02890e-01
188 9.41541e-01 8.90153e-01
189 9.33271e-01 8.82544e-01
190 9.28294e-01 8.89289e-01
191 9.40585e-01 8.89096e-01
192 9.37004e-01 8.83197e-01
193 9.27707e-01 8.68768e-01
194 9.30571e-01 8.87774e-01
195 9.20886e-01 9.24944e-01
196 9.49661e-01 8.88951e-01
197 9.24273e-01 8.81907e-01
198 9.30499e-01 8.83578e-01
199 9.46825e-01 8.74620e-01
200 9.32710e-01 8.96481e-01
201 9.31212e-01 8.83795e-01
202 9.15160e-01 9.06094e-01
203 9.25979e-01 8.69334e-01
204 9.26224e-01 8.75763e-01
205 9.30924e-01 8.74755e-01
206 9.21696e-01 8.92940e-01
207 9.32852e-01 8.74135e-01
208 9.27406e-01 9.00959e-01
209 9.35884e-01 8.91970e-01
210 9.30252e-01 8.98418e-01
211 9.18861e-01 8.99470e-01
212 9.29434e-01 9.03696e-01
213 9.30135e-01 8.87693e-01
214 9.33721e-01 8.81265e-01
215 9.34144e-01 8.93391e-01
216 9.29835e-01 8.71520e-01
217 9.30071e-01 8.74328e-01
218 9.27351e-01 8.96822e-01
219 9.32691e-01 8.91532e-01
220 9.26237e-01 8.81762e-01
221 9.33878e-01 8.83424e-01
222 9.39220e-01 8.71411e-01
223 9.21131e-01 8.71735e-01
224 9.24128e-01 8.81407e-01
225 9.17382e-01 8.84595e-01
226 9.35185e-01 9.07133e-01
227 9.35374e-01 8.86122e-01
228 9.14633e-01 8.74407e-01
229 9.29981e-01 8.73662e-01
230 9.17508e-01 8.72976e-01
231 9.34550e-01 8.70242e-01
232 9.21974e-01 8.79950e-01
233 9.42845e-01 8.73431e-01
234 9.25436e-01 8.89161e-01
235 9.34880e-01 8.89751e-01
236 9.33268e-01 8.85463e-01
237 9.27777e-01 8.89189e-01
238 9.30699e-01 9.06799e-01
239 9.21769e-01 8.69775e-01
240 9.31916e-01 9.11078e-01
241 9.47291e-01 8.69956e-01
242 9.24414e-01 8.78605e-01
243 9.21314e-01 8.96201e-01
244 9.18840e-01 9.00641e-01
245 9.42958e-01 8.94960e-01
246 9.36956e-01 8.75352e-01
247 9.33978e-01 9.44815e-01
248 9.19000e-01 8.86299e-01
249 9.27255e-01 9.03303e-01
250 9.41522e-01 9.02968e-01
251 9.41729e-01 8.78944e-01
252 9.35403e-01 8.73531e-01
253 9.34459e-01 8.88892e-01
254 9.36012e-01 8.84733e-01
255 9.22598e-01 8.89553e-01
256 9.16688e-01 8.73091e-01
257 9.39249e-01 8.79983e-01
258 9.19584e-01 9.17964e-01
259 9.37052e-01 8.92036e-01
260 9.37973e-01 8.94878e-01
261 9.31691e-01 8.89939e-01
262 9.25337e-01 8.98436e-01
263 9.16335e-01 8.86211e-01
264 9.28727e-01 8.81094e-01
265 9.30834e-01 8.69119e-01
266 9.24408e-01 8.74040e-01
267 9.16647e-01 8.78213e-01
268 9.31103e-01 8.75412e-01
269 9.20436e-01 9.01643e-01
270 9.28295e-01 9.37958e-01
271 9.28216e-01 8.83725e-01
272 9.38794e-01 9.09278e-01
273 9.35864e-01 8.99634e-01
274 9.28089e-01 8.87758e-01
275 9.44747e-01 8.96461e-01
276 9.46228e-01 8.81142e-01
277 9.38931e-01 8.87100e-01
278 9.24372e-01 8.94496e-01
279 9.44699e-01 8.82306e-01
280 9.28521e-01 8.81021e-01
281 9.40022e-01 8.78216e-01
282 9.30738e-01 8.88987e-01
283 9.38394e-01 8.80445e-01
284 9.17122e-01 9.24820e-01
285 9.23386e-01 8.85927e-01
286 9.14996e-01 8.78958e-01
287 9.27428e-01 8.90244e-01
288 9.25515e-01 8.89945e-01
289 9.32136e-01 9.06647e-01
290 9.34409e-01 8.74613e-01
291 9.31728e-01 8.78060e-01
292 9.23638e-01 8.72076e-01
293 9.29525e-01 8.77575e-01
294 9.21053e-01 8.84961e-01
295 9.26385e-01 8.71815e-01
296 9.37612e-01 8.79917e-01
297 9.40840e-01 8.91729e-01
298 9.22707e-01 9.03719e-01
299 9.34978e-01 9.07691e-01
300 9.36871e-01 8.95918e-01
301 9.34005e-01 8.80784e-01
302 9.27769e-01 8.98658e-01
303 9.35546e-01 8.83959e-01
304 9.24392e-01 8.80179e-01
305 9.27129e-01 9.38699e-01
306 9.22986e-01 8.87701e-01
307 9.25042e-01 9.07201e-01
308 9.26254e-01 8.70361e-01
309 9.17199e-01 8.81496e-01
310 9.24582e-01 8.69686e-01
311 9.35282e-01 8.81046e-01
312 9.19599e-01 8.81475e-01
313 9.16302e-01 8.83480e-01
314 9.43347e-01 8.73336e-01
315 9.18717e-01 8.88711e-01
316 9.44811e-01 8.73091e-01
317 9.25268e-01 8.76602e-01
318 9.31838e-01 9.02656e-01
319 9.30818e-01 8.99033e-01
320 9.21432e-01 8.93853e-01
321 9.28108e-01 8.97828e-01
322 9.34604e-01 8.93482e-01
323 9.29801e-01 9.08583e-01
324 9.41921e-01 8.92827e-01
325 9.33189e-01 8.83973e-01
326 9.28458e-01 8.71141e-01
327 9.20928e-01 8.76186e-01
328 9.23770e-01 8.77392e-01
329 9.43829e-01 8.78107e-01
330 9.37811e-01 9.02373e-01
331 9.28595e-01 8.77692e-01
332 9.15360e-01 8.81418e-01
333 9.34020e-01 8.79156e-01
334 9.36219e-01 8.82208e-01
335 9.36957e-01 8.79124e-01
336 9.19229e-01 8.72567e-01
337 9.37316e-01 8.76522e-01
338 9.17104e-01 8.89425e-01
339 9.37380e-01 8.79204e-01
340 9.13796e-01 9.22002e-01
341 9.44235e-01 8.79343e-01
342 9.36036e-01 8.66994e-01
343 9.23379e-01 8.93472e-01
344 9.28724e-01 8.73959e-01
345 9.23237e-01 8.73875e-01
346 9.26105e-01 8.80539e-01
347 9.32972e-01 9.41426e-01
348 9.37986e-01 8.76676e-01
349 9.22658e-01 8.91722e-01
350 9.38150e-01 8.97695e-01
351 9.37263e-01 8.83018e-01
352 9.40003e-01 9.19933e-01
353 9.44644e-01 8.95379e-01
354 9.25660e-01 9.04737e-01
355 9.34653e-01 9.00356e-01
356 9.41351e-01 8.75202e-01
357 9.32239e-01 8.94504e-01
358 9.21209e-01 8.69363e-01
359 9.37964e-01 8.75673e-01
360 9.32366e-01 8.96249e-01
361 9.10459e-01 8.69341e-01
362 9.15616e-01 9.24696e-01
363 9.39504e-01 8.79152e-01
364 9.15307e-01 8.70092e-01
365 9.11663e-01 8.70687e-01
366 9.29941e-01 8.79082e-01
367 9.36832e-01 8.81348e-01
368 9.32958e-01 8.67926e-01
369 9.33061e-01 8.71574e-01
370 9.22143e-01 8.86251e-01
371 9.40998e-01 8.74388e-01
372 9.22236e-01 8.81442e-01
373 9.37406e-01 8.80740e-01
374 9.42909e-01 8.93588e-01
375 9.35070e-01 8.75204e-01
376 9.29931e-01 8.67929e-01
377 9.29960e-01 8.69406e-01
378 9.30510e-01 8.83852e-01
379 9.40607e-01 8.87923e-01
380 9.33666e-01 8.90307e-01
381 9.50251e-01 8.70368e-01
382 9.17787e-01 8.74379e-01
383 9.15013e-01 8.82685e-01
384 9.29372e-01 8.78869e-01
385 9.32823e-01 8.85830e-01
386 9.40633e-01 8.90259e-01
387 9.22070e-01 8.75673e-01
388 9.42660e-01 9.04989e-01
389 9.38864e-01 8.78472e-01
390 9.34915e-01 8.74962e-01
391 9.34868e-01 8.99927e-01
392 9.32688e-01 8.81104e-01
393 9.32683e-01 9.11725e-01
394 9.26732e-01 8.70344e-01
395 9.27276e-01 8.89540e-01
396 9.39232e-01 8.91221e-01
397 9.26647e-01 8.68084e-01
398 9.43371e-01 8.97199e-01
399 9.41288e-01 9.19355e-01
400 9.30237e-01 9.24743e-01
401 9.43184e-01 8.78859e-01
402 9.38411e-01 9.04562e-01
403 9.28147e-01 8.67630e-01
404 9.25879e-01 9.00962e-01
405 9.41032e-01 9.12564e-01
406 9.33151e-01 9.07183e-01
407 9.36705e-01 8.98596e-01
408 9.41432e-01 8.86269e-01
409 9.22632e-01 8.96902e-01
410 9.37095e-01 8.76489e-01
411 9.30521e-01 8.82177e-01
412 9.27895e-01 9.13238e-01
413 9.27915e-01 8.84973e-01
414 9.43417e-01 9.09753e-01
415 9.34423e-01 8.71873e-01
416 9.21815e-01 8.90076e-01
417 9.26236e-01 8.87189e-01
418 9.22616e-01 8.82330e-01
419 9.39109e-01 9.47345e-01
420 9.43455e-01 8.89163e-01
421 9.36717e-01 8.95654e-01
422 9.33802e-01 8.80664e-01
423 9.36972e-01 8.73459e-01
424 9.12567e-01 8.78629e-01
425 9.14921e-01 8.98285e-01
426 9.45118e-01 8.77955e-01
427 9.30590e-01 8.85359e-01
428 9.23547e-01 8.83715e-01
429 9.26947e-01 8.77188e-01
430 9.26389e-01 9.46358e-01
431 9.36389e-01 8.84677e-01
432 9.37674e-01 8.76438e-01
433 9.26152e-01 8.71090e-01
434 9.24480e-01 8.83530e-01
435 9.23287e-01 9.03733e-01
436 9.46746e-01 9.07582e-01
437 9.35358e-01 8.73569e-01
438 9.31316e-01 8.94803e-01
439 9.40215e-01 8.80146e-01
440 9.30055e-01 8.73799e-01
441 9.29998e-01 8.70460e-01
442 9.26934e-01 9.25036e-01
443 9.31617e-01 8.91918e-01
444 9.42386e-01 8.76832e-01
445 9.34446e-01 8.86906e-01
446 9.20817e-01 8.74169e-01
447 9.32925e-01 8.73772e-01
448 9.24203e-01 9.02658e-01
449 9.23145e-01 8.72516e-01
450 9.31912e-01 8.75337e-01
451 9.27426e-01 8.85283e-01
452 9.15975e-01 9.06774e-01
453 9.51710e-01 8.84528e-01
454 9.22024e-01 8.75171e-01
455 9.19576e-01 8.66902e-01
456 9.40393e-01 8.80423e-01
457 9.17200e-01 8.77767e-01
458 9.30421e-01 8.81330e-01
459 9.32107e-01 8.91742e-01
460 9.45961e-01 8.91100e-01
461 9.30715e-01 9.01458e-01
462 9.24788e-01 8.99223e-01
463 9.51342e-01 8.75162e-01
464 9.11113e-01 8.70718e-01
465 9.25307e-01 8.77439e-01
466 9.27390e-01 8.97455e-01
467 9.39047e-01 9.04803e-01
468 9.33855e-01 8.75562e-01
469 9.42052e-01 8.82545e-01
470 9.34170e-01 8.74323e-01
471 9.25608e-01 8.77728e-01
472 9.35642e-01 9.00743e-01
473 9.43498e-01 8.75405e-01
474 9.32334e-01 9.25341e-01
475 9.47285e-01 8.83338e-01
476 9.33955e-01 8.79909e-01
477 9.27325e-01 8.75223e-01
478 9.39186e-01 8.79766e-01
479 9.26764e-01 8.69513e-01
480 9.35976e-01 8.88826e-01
481 9.42447e-01 8.73920e-01
482 9.18366e-01 8.63941e-01
483 9.17800e-01 9.25471e-01
484 9.19559e-01 8.71846e-01
485 9.33683e-01 8.94053e-01
486 9.15738e-01 9.29502e-01
487 9.34265e-01 8.69106e-01
488 9.22256e-01 8.85754e-01
489 9.27294e-01 8.73705e-01
490 9.42899e-01 8.92549e-01
491 9.38882e-01 8.88418e-01
492 9.25575e-01 8.89229e-01
493 9.15022e-01 8.94892e-01
494 9.41053e-01 8.66609e-01
495 9.35202e-01 8.74924e-01
496 9.33640e-01 8.85986e-01
497 9.34580e-01 8.78381e-01
498 9.25270e-01 8.83309e-01
499 9.25008e-01 8.81499e-01
500 9.07534e-01 8.76793e-01
501 9.20210e-01 8.74503e-01
502 9.36281e-01 8.73090e-01
503 9.32579e-01 8.74179e-01
504 9.33054e-01 8.71454e-01
505 9.45033e-01 9.12207e-01
506 9.33385e-01 8.72002e-01
507 9.33024e-01 8.97830e-01
508 9.29607e-01 8.77553e-01
509 9.29398e-01 8.81525e-01
510 9.24330e-01 8.68697e-01
511 9.40385e-01 8.85414e-01
512 9.16396e-01 8.79340e-01
513 9.41046e-01 9.00446e-01
514 9.27480e-01 8.65711e-01
515 9.33908e-01 8.81081e-01
516 9.20256e-01 8.85132e-01
517 9.43944e-01 8.98478e-01
518 9.36703e-01 8.97526e-01
519 9.35728e-01 8.99106e-01
520 9.35673e-01 8.74617e-01
521 9.34834e-01 8.83420e-01
522 9.31094e-01 8.75956e-01
523 9.39306e-01 8.73667e-01
524 9.35432e-01 8.68578e-01
525 9.20502e-01 8.70677e-01
526 9.43063e-01 8.97969e-01
527 9.33804e-01 9.12763e-01
528 9.41743e-01 8.72342e-01
529 9.23296e-01 8.84502e-01
530 9.27550e-01 8.96241e-01
531 9.18676e-01 8.99150e-01
532 9.30393e-01 9.23939e-01
533 9.35154e-01 8.87528e-01
534 9.34207e-01 8.70428e-01
535 9.41502e-01 9.03761e-01
536 9.34405e-01 8.82824e-01
537 9.22708e-01 9.30289e-01
538 9.42448e-01 8.82550e-01
539 9.25216e-01 8.75582e-01
540 9.30296e-01 8.93857e-01
541 9.31747e-01 8.68608e-01
542 9.22109e-01 9.20391e-01
543 9.36897e-01 9.08458e-01
544 9.43244e-01 8.80489e-01
545 9.27686e-01 8.87554e-01
546 9.43688e-01 8.70708e-01
547 9.19677e-01 8.71389e-01
548 9.27275e-01 8.73741e-01
549 9.15611e-01 8.80858e-01
550 9.24471e-01 8.75433e-01
551 9.31557e-01 8.85265e-01
552 9.44780e-01 8.89491e-01
553 9.30044e-01 8.79462e-01
554 9.08491e-01 8.71216e-01
555 9.19930e-01 8.72221e-01
556 9.28637e-01 8.71409e-01
557 9.27762e-01 8.97049e-01
558 9.36615e-01 8.97213e-01
559 9.23261e-01 8.70329e-01
560 9.17404e-01 8.74302e-01
561 9.50905e-01 8.95088e-01
562 9.21431e-01 8.78600e-01
563 9.21939e-01 8.86769e-01
564 9.32832e-01 8.87921e-01
565 9.18709e-01 9.00160e-01
566 9.45881e-01 8.79435e-01
567 9.24614e-01 8.64650e-01
568 9.22275e-01 8.84038e-01
569 9.19806e-01 8.74894e-01
570 9.19933e-01 9.01093e-01
571 9.29200e-01 8.77946e-01
572 9.24093e-01 9.25082e-01
573 9.23987e-01 8.79798e-01
574 9.40118e-01 8.73408e-01
575 9.38371e-01 9.14817e-01
576 9.36705e-01 8.68673e-01
577 9.28168e-01 8.92476e-01
578 9.36162e-01 8.79553e-01
579 9.34472e-01 8.83715e-01
580 9.30935e-01 8.68654e-01
581 9.46478e-01 8.72299e-01
582 9.37402e-01 8.93426e-01
583 9.18677e-01 8.91293e-01
584 9.19939e-01 8.80975e-01
585 9.30673e-01 8.69823e-01
586 9.28167e-01 9.01652e-01
587 9.24101e-01 8.80053e-01
588 9.35594e-01 8.74331e-01
589 9.16026e-01 8.68723e-01
590 9.30581e-01 9.16199e-01
591 9.35376e-01 8.69186e-01
592 9.25479e-01 9.13835e-01
593 9.33480e-01 8.94264e-01
594 9.37167e-01 8.85517e-01
595 9.38402e-01 8.66898e-01
596 9.25294e-01 8.96997e-01
597 9.21823e-01 9.06648e-01
598 9.21613e-01 9.00762e-01
599 9.31054e-01 9.52447e-01
600 9.29522e-01 8.71104e-01
601 9.32071e-01 8.73938e-01
602 9.23737e-01 8.81738e-01
603 9.39800e-01 8.75043e-01
604 9.39893e-01 8.78719e-01
605 9.35321e-01 8.89087e-01
606 9.36243e-01 9.03713e-01
607 9.42098e-01 8.86937e-01
608 9.26839e-01 8.68504e-01
609 9.39795e-01 8.67935e-01
610 9.25753e-01 8.74438e-01
611 9.23852e-01 8.72210e-01
612 9.20563e-01 8.73673e-01
613 9.28034e-01 8.90768e-01
614 9.36674e-01 8.89924e-01
615 9.34226e-01 8.76453e-01
616 9.32669e-01 8.73172e-01
617 9.12984e-01 8.77262e-01
618 9.28181e-01 8.97599e-01
619 9.17755e-01 8.66798e-01
620 9.34095e-01 8.66925e-01
621 9.26412e-01 8.75265e-01
622 9.27881e-01 8.83520e-01
623 9.29735e-01 8.72623e-01
624 9.31151e-01 8.90682e-01
625 9.22996e-01 8.79082e-01
626 9.24602e-01 8.76829e-01
627 9.24657e-01 8.75308e-01
628 9.23424e-01 8.64339e-01
629 9.23041e-01 8.88879e-01
630 9.24950e-01 8.88215e-01
631 9.35744e-01 8.69152e-01
632 9.35290e-01 9.00015e-01
633 9.43855e-01 8.98107e-01
634 9.37323e-01 8.92656e-01
635 9.16814e-01 8.82154e-01
636 9.25696e-01 8.83819e-01
637 9.27563e-01 8.67020e-01
638 9.25583e-01 8.82233e-01
639 9.39557e-01 8.92725e-01
640 9.35372e-01 8.77866e-01
641 9.41042e-01 8.94247e-01
642 9.32120e-01 8.83849e-01
643 9.21263e-01 9.14185e-01
644 9.43995e-01 8.79090e-01
645 9.42609e-01 8.88069e-01
646 9.38390e-01 8.81191e-01
647 9.25975e-01 8.79310e-01
648 9.42342e-01 8.64537e-01
649 9.28708e-01 8.81966e-01
650 9.39280e-01 8.70988e-01
651 9.33154e-01 9.02938e-01
652 9.28304e-01 8.87462e-01
653 9.48891e-01 8.60576e-01
654 9.20525e-01 8.68457e-01
655 9.43730e-01 8.90474e-01
656 9.39638e-01 8.67141e-01
657 9.30842e-01 8.82531e-01
658 9.28924e-01 8.63818e-01
659 9.28939e-01 8.82916e-01
660 9.44775e-01 9.15772e-01
661 9.33478e-01 8.91461e-01
662 9.27317e-01 8.70202e-01
663 9.29320e-01 8.85836e-01
664 9.43337e-01 8.67588e-01
665 9.32777e-01 8.80071e-01
666 9.34082e-01 8.68225e-01
667 9.30128e-01 8.77111e-01
668 9.25655e-01 8.82790e-01
669 9.24213e-01 9.13373e-01
670 9.32251e-01 9.01374e-01
671 9.29255e-01 8.68002e-01
672 9.23492e-01 9.02469e-01
673 9.42228e-01 8.82224e-01
674 9.31255e-01 9.18461e-01
675 9.41944e-01 8.87535e-01
676 9.28063e-01 8.78819e-01
677 9.23896e-01 8.86532e-01
678 9.21404e-01 8.77276e-01
679 9.27896e-01 9.15495e-01
680 9.35374e-01 8.94785e-01
681 9.40105e-01 8.63529e-01
682 9.47449e-01 8.86422e-01
683 9.26316e-01 8.74430e-01
684 9.30174e-01 8.71723e-01
685 9.26420e-01 8.72355e-01
686 9.26991e-01 8.98637e-01
687 9.32114e-01 8.82429e-01
688 9.28423e-01 8.91587e-01
689 9.32558e-01 9.30419e-01
690 9.44595e-01 8.83598e-01
691 9.43809e-01 8.89822e-01
692 9.33045e-01 8.80821e-01
693 9.33916e-01 8.95831e-01
694 9.43085e-01 8.93591e-01
695 9.23194e-01 8.81922e-01
696 9.22928e-01 8.86337e-01
697 9.28845e-01 8.70816e-01
698 9.24795e-01 8.80216e-01
699 9.21276e-01 8.74043e-01
700 9.14065e-01 9.02073e-01
701 9.50988e-01 8.86636e-01
702 9.33453e-01 8.80648e-01
703 9.36076e-01 9.17030e-01
704 9.39140e-01 8.69788e-01
705 9.29470e-01 8.66946e-01
706 9.26277e-01 8.78225e-01
707 9.37274e-01 9.32156e-01
708 9.29220e-01 8.89887e-01
709 9.24741e-01 8.83067e-01
710 9.42625e-01 8.79348e-01
711 9.39641e-01 8.94115e-01
712 9.21204e-01 8.76247e-01
713 9.49637e-01 8.79384e-01
714 9.22290e-01 8.80732e-01
715 9.37636e-01 8.85099e-01
716 9.32525e-01 8.80194e-01
717 9.17995e-01 8.83095e-01
718 9.23394e-01 8.95497e-01
719 9.40171e-01 9.06938e-01
720 9.35435e-01 8.87389e-01
721 9.33405e-01 8.88987e-01
722 9.40196e-01 8.84605e-01
723 9.20037e-01 8.79777e-01
724 9.33377e-01 8.79714e-01
725 9.37534e-01 8.76863e-01
726 9.29232e-01 8.69979e-01
727 9.29781e-01 8.66625e-01
728 9.41189e-01 8.89634e-01
729 9.41155e-01 8.83567e-01
730 9.44006e-01 8.96203e-01
731 9.31274e-01 9.09706e-01
732 9.29896e-01 8.88985e-01
733 9.25369e-01 8.72403e-01
734 9.37270e-01 8.76408e-01
735 9.27819e-01 8.96439e-01
736 9.40168e-01 8.77737e-01
737 9.24152e-01 8.97234e-01
738 9.27338e-01 8.83726e-01
739 9.19874e-01 8.80073e-01
740 9.37038e-01 9.16335e-01
741 9.16198e-01 9.09853e-01
742 9.40218e-01 9.05139e-01
743 9.29477e-01 8.80504e-01
744 9.31826e-01 9.04683e-01
745 9.39723e-01 9.04949e-01
746 9.20262e-01 9.34116e-01
747 9.38525e-01 8.79380e-01
748 9.28796e-01 9.48724e-01
749 9.38177e-01 9.00010e-01
750 9.24795e-01 8.84659e-01
751 9.28623e-01 8.80667e-01
752 9.30974e-01 8.93883e-01
753 9.27471e-01 8.71601e-01
754 9.32703e-01 8.74114e-01
755 9.23077e-01 8.85482e-01
756 9.27778e-01 9.27292e-01
757 9.34788e-01 8.78663e-01
758 9.32757e-01 8.71711e-01
759 9.31539e-01 9.09398e-01
760 9.26641e-01 8.76245e-01
761 9.35249e-01 9.25500e-01
762 9.40871e-01 8.84678e-01
763 9.28023e-01 8.79592e-01
764 9.23439e-01 8.87657e-01
765 9.16920e-01 8.85443e-01
766 9.41043e-01 8.86551e-01
767 9.31110e-01 8.88198e-01
768 9.33047e-01 8.99309e-01
769 9.30904e-01 8.72564e-01
770 9.28669e-01 9.16022e-01
771 9.37020e-01 8.94865e-01
772 9.21286e-01 8.87456e-01
773 9.29488e-01 8.91235e-01
774 9.24437e-01 8.74308e-01
775 9.35745e-01 8.80817e-01
776 9.26406e-01 8.72613e-01
777 9.35678e-01 8.77277e-01
778 9.43501e-01 8.82114e-01
779 9.30039e-01 8.86750e-01
780 9.21347e-01 8.78644e-01
781 9.29098e-01 8.64430e-01
782 9.34223e-01 8.79173e-01
783 9.14144e-01 8.70297e-01
784 9.32828e-01 8.60463e-01
785 9.26887e-01 8.76154e-01
786 9.38752e-01 8.71176e-01
787 9.05618e-01 8.72469e-01
788 9.54716e-01 8.79719e-01
789 9.28550e-01 8.63565e-01
790 9.32936e-01 8.84359e-01
791 9.26850e-01 8.79150e-01
792 9.41493e-01 9.03943e-01
793 9.28459e-01 8.71414e-01
794 9.26757e-01 8.90954e-01
795 9.29862e-01 8.80247e-01
796 9.37398e-01 9.17282e-01
797 9.50422e-01 9.18052e-01
798 9.37024e-01 9.09350e-01
799 9.30420e-01 8.76218e-01
800 9.21476e-01 8.81092e-01
801 9.25277e-01 8.73133e-01
802 9.26711e-01 9.02111e-01
803 9.27132e-01 8.76414e-01
804 9.28198e-01 8.96783e-01
805 9.28826e-01 8.88661e-01
806 9.21758e-01 8.86830e-01
807 9.29774e-01 8.72287e-01
808 9.41503e-01 9.16377e-01
809 9.43221e-01 8.97270e-01
810 9.28660e-01 8.93148e-01
811 9.22574e-01 8.80320e-01
812 9.38223e-01 8.86710e-01
813 9.45271e-01 8.80277e-01
814 9.31065e-01 8.84344e-01
815 9.19857e-01 8.71254e-01
816 9.27806e-01 8.73505e-01
817 9.35280e-01 8.88258e-01
818 9.40142e-01 8.91938e-01
819 9.22590e-01 8.75287e-01
820 9.30975e-01 8.73288e-01
821 9.39306e-01 8.68783e-01
822 9.24133e-01 8.92912e-01
823 9.42518e-01 8.86814e-01
824 9.33994e-01 9.03833e-01
825 9.35598e-01 8.90356e-01
826 9.30211e-01 8.81660e-01
827 9.19000e-01 8.94627e-01
828 9.21029e-01 8.85382e-01
829 9.27537e-01 8.87598e-01
830 9.23386e-01 8.81631e-01
831 9.45155e-01 8.73413e-01
832 9.30536e-01 8.73178e-01
833 9.17118e-01 8.69917e-01
834 9.31239e-01 8.78847e-01
835 9.34196e-01 8.74952e-01
836 9.48207e-01 9.06178e-01
837 9.29920e-01 8.74803e-01
838 9.29098e-01 8.79134e-01
839 9.23670e-01 8.85436e-01
840 9.33070e-01 9.00620e-01
841 9.46277e-01 8.70637e-01
842 9.34940e-01 8.84431e-01
843 9.17976e-01 8.84148e-01
844 9.13126e-01 8.79080e-01
845 9.52213e-01 8.80629e-01
846 9.19897e-01 8.92215e-01
847 9.28351e-01 8.72025e-01
848 9.41329e-01 8.74927e-01
849 9.30173e-01 8.83094e-01
850 9.30958e-01 9.24287e-01
851 9.45812e-01 8.83195e-01
852 9.21746e-01 8.90361e-01
853 9.19684e-01 8.76316e-01
854 9.35126e-01 8.90302e-01
855 9.25795e-01 8.77194e-01
856 9.30490e-01 8.69932e-01
857 9.20959e-01 8.84872e-01
858 9.32337e-01 8.89554e-01
859 9.29811e-01 8.93913e-01
860 9.13437e-01 8.71026e-01
861 9.19930e-01 8.66390e-01
862 9.42018e-01 8.86537e-01
863 9.36571e-01 8.68107e-01
864 9.37831e-01 9.02752e-01
865 9.32957e-01 8.63727e-01
866 9.19781e-01 8.77353e-01
867 9.23039e-01 8.62203e-01
868 9.35663e-01 8.68109e-01
869 9.42021e-01 8.74990e-01
870 9.33140e-01 8.82806e-01
871 9.23219e-01 8.77356e-01
872 9.45138e-01 8.88151e-01
873 9.25610e-01 8.96111e-01
874 9.25345e-01 8.83404e-01
875 9.27225e-01 8.90271e-01
876 9.20642e-01 8.82527e-01
877 9.33124e-01 8.85300e-01
878 9.21685e-01 8.71534e-01
879 9.42740e-01 8.89679e-01
880 9.28554e-01 8.77984e-01
881 9.39192e-01 8.96235e-01
882 9.33993e-01 8.78877e-01
883 9.23379e-01 8.83156e-01
884 9.22185e-01 8.85232e-01
885 9.28197e-01 8.74552e-01
886 9.20563e-01 8.77925e-01
887 9.31425e-01 8.97752e-01
888 9.34867e-01 9.13578e-01
889 9.38609e-01 8.74066e-01
890 9.21810e-01 8.85351e-01
891 9.25276e-01 8.66084e-01
892 9.22647e-01 8.78340e-01
893 9.33477e-01 8.97493e-01
894 9.34282e-01 8.72786e-01
895 9.29919e-01 8.73671e-01
896 9.35066e-01 8.68987e-01
897 9.18105e-01 8.91405e-01
898 9.49528e-01 8.69701e-01
899 9.24524e-01 9.02704e-01
900 9.29552e-01 8.74191e-01
901 9.24230e-01 8.76768e-01
902 9.29522e-01 8.60538e-01
903 9.48207e-01 8.87114e-01
904 9.28254e-01 8.89025e-01
905 9.28699e-01 8.69561e-01
906 9.42209e-01 8.96452e-01
907 9.36636e-01 8.80780e-01
908 9.13664e-01 8.74295e-01
909 9.32324e-01 8.73551e-01
910 9.15724e-01 8.80946e-01
911 9.30829e-01 8.79484e-01
912 9.14001e-01 8.68502e-01
913 9.29182e-01 9.19241e-01
914 9.49621e-01 8.96905e-01
915 9.47391e-01 8.95478e-01
916 9.31027e-01 8.65327e-01
917 9.24413e-01 8.72400e-01
918 9.23020e-01 8.87739e-01
919 9.38082e-01 9.58607e-01
920 9.39152e-01 8.84007e-01
921 9.41200e-01 8.82768e-01
922 9.28919e-01 8.72827e-01
923 9.28057e-01 8.81175e-01
924 9.34187e-01 8.97021e-01
925 9.28997e-01 8.92834e-01
926 9.25349e-01 8.83822e-01
927 9.15561e-01 8.87247e-01
928 9.39281e-01 8.66009e-01
929 9.53884e-01 9.54870e-01
930 9.38420e-01 8.76650e-01
931 9.33454e-01 8.95458e-01
932 9.40996e-01 8.90819e-01
933 9.37981e-01 8.89444e-01
934 9.19173e-01 8.89685e-01
935 9.36252e-01 8.77953e-01
936 9.37055e-01 8.79894e-01
937 9.43594e-01 8.77973e-01
938 9.32848e-01 8.89538e-01
939 9.40895e-01 8.69374e-01
940 9.33190e-01 8.87778e-01
941 9.12723e-01 8.90318e-01
942 9.26179e-01 8.90976e-01
943 9.44186e-01 9.07028e-01
944 9.25539e-01 8.80251e-01
945 9.32787e-01 8.81109e-01
946 9.17914e-01 9.19347e-01
947 9.32037e-01 8.87855e-01
948 9.27336e-01 8.98360e-01
949 9.32663e-01 8.72915e-01
950 9.35020e-01 8.85733e-01
951 9.26775e-01 9.11147e-01
952 9.46251e-01 8.79829e-01
953 9.42539e-01 8.89731e-01
954 9.30405e-01 8.90372e-01
955 9.38790e-01 8.89737e-01
956 9.29340e-01 8.74101e-01
957 9.35680e-01 8.75572e-01
958 9.25720e-01 8.68565e-01
959 9.23167e-01 8.85173e-01
960 9.12017e-01 8.74614e-01
961 9.28469e-01 8.74021e-01
962 9.21894e-01 8.88012e-01
963 9.23587e-01 8.86118e-01
964 9.14465e-01 8.97507e-01
965 9.31348e-01 8.89342e-01
966 9.39401e-01 8.70825e-01
967 9.10941e-01 8.93179e-01
968 9.25261e-01 8.71260e-01
969 9.32449e-01 8.80302e-01
970 9.23727e-01 8.79179e-01
971 9.32615e-01 9.06662e-01
972 9.17696e-01 8.84633e-01
973 9.26574e-01 8.79454e-01
974 9.28443e-01 9.04404e-01
975 9.32730e-01 8.72902e-01
976 9.24187e-01 8.85459e-01
977 9.46350e-01 8.71573e-01
978 9.23169e-01 8.71704e-01
979 9.23419e-01 8.77227e-01
980 9.30816e-01 8.94285e-01
981 9.25916e-01 8.99312e-01
982 9.38581e-01 8.76267e-01
983 9.18712e-01 8.96434e-01
984 9.34255e-01 8.86936e-01
985 9.36470e-01 8.83912e-01
986 9.33279e-01 8.98127e-01
987 9.28045e-01 8.96677e-01
988 9.09548e-01 8.70226e-01
989 9.34256e-01 8.94455e-01
990 9.31096e-01 8.74926e-01
991 9.36916e-01 8.99163e-01
992 9.29331e-01 8.71031e-01
993 9.24722e-01 8.77131e-01
994 9.39544e-01 9.05488e-01
995 9.42436e-01 8.73567e-01
996 9.35648e-01 8.87889e-01
997 9.23750e-01 8.81528e-01
998 9.24376e-01 8.85136e-01
999 9.31175e-01 8.71777e-01
