training dataset: fesc_test
seed = 5
umFeatures = 7
Feature List: SFRs, Mstars, masses, redshifts, fgases, min_dist, t_lookback
fluxSize = 4
batch_size = 256
epochs     = 1000
0 epoch  1 train loss  2 test loss
0 1.37847e+00 1.35357e+00
1 1.35865e+00 1.34608e+00
2 1.36875e+00 1.34097e+00
3 1.35475e+00 1.33433e+00
4 1.35404e+00 1.32941e+00
5 1.34979e+00 1.32532e+00
6 1.34049e+00 1.32315e+00
7 1.32957e+00 1.31946e+00
8 1.34721e+00 1.31816e+00
9 1.33466e+00 1.31633e+00
10 1.33901e+00 1.31601e+00
11 1.33809e+00 1.31546e+00
12 1.34023e+00 1.31362e+00
13 1.32870e+00 1.31070e+00
14 1.32569e+00 1.30935e+00
15 1.32075e+00 1.30711e+00
16 1.31920e+00 1.30374e+00
17 1.32656e+00 1.30217e+00
18 1.32849e+00 1.30132e+00
19 1.31814e+00 1.30014e+00
20 1.31616e+00 1.29797e+00
21 1.31661e+00 1.29530e+00
22 1.31224e+00 1.29290e+00
23 1.30390e+00 1.28894e+00
24 1.31094e+00 1.28675e+00
25 1.31579e+00 1.28541e+00
26 1.30228e+00 1.28286e+00
27 1.31155e+00 1.28098e+00
28 1.30076e+00 1.27808e+00
29 1.30444e+00 1.27563e+00
30 1.30316e+00 1.27388e+00
31 1.29661e+00 1.27175e+00
32 1.30151e+00 1.26968e+00
33 1.29532e+00 1.26691e+00
34 1.30121e+00 1.26535e+00
35 1.29330e+00 1.26148e+00
36 1.29445e+00 1.25804e+00
37 1.28040e+00 1.25333e+00
38 1.29704e+00 1.25009e+00
39 1.28245e+00 1.24599e+00
40 1.27728e+00 1.24184e+00
41 1.28139e+00 1.23823e+00
42 1.27336e+00 1.23461e+00
43 1.27146e+00 1.22971e+00
44 1.27122e+00 1.22657e+00
45 1.26371e+00 1.22002e+00
46 1.25925e+00 1.21664e+00
47 1.25950e+00 1.21215e+00
48 1.25753e+00 1.20620e+00
49 1.25675e+00 1.20181e+00
50 1.25542e+00 1.19702e+00
51 1.24534e+00 1.19135e+00
52 1.25345e+00 1.18760e+00
53 1.25341e+00 1.18420e+00
54 1.23662e+00 1.17819e+00
55 1.24327e+00 1.17301e+00
56 1.23320e+00 1.16802e+00
57 1.22983e+00 1.16308e+00
58 1.21510e+00 1.15721e+00
59 1.22757e+00 1.15464e+00
60 1.20656e+00 1.14953e+00
61 1.20895e+00 1.14379e+00
62 1.20775e+00 1.13822e+00
63 1.21142e+00 1.13452e+00
64 1.21105e+00 1.12938e+00
65 1.20863e+00 1.12728e+00
66 1.20697e+00 1.12258e+00
67 1.20704e+00 1.12277e+00
68 1.19383e+00 1.11522e+00
69 1.20301e+00 1.11384e+00
70 1.20675e+00 1.11172e+00
71 1.19815e+00 1.10729e+00
72 1.18499e+00 1.10318e+00
73 1.19495e+00 1.10048e+00
74 1.17687e+00 1.09718e+00
75 1.17506e+00 1.09654e+00
76 1.18421e+00 1.09269e+00
77 1.18844e+00 1.08986e+00
78 1.17739e+00 1.08777e+00
79 1.17917e+00 1.08696e+00
80 1.17854e+00 1.08429e+00
81 1.16930e+00 1.08199e+00
82 1.17655e+00 1.08082e+00
83 1.16087e+00 1.07803e+00
84 1.17377e+00 1.07736e+00
85 1.18295e+00 1.08060e+00
86 1.16851e+00 1.07666e+00
87 1.15833e+00 1.07381e+00
88 1.17479e+00 1.07458e+00
89 1.15911e+00 1.07231e+00
90 1.15769e+00 1.07043e+00
91 1.15844e+00 1.06771e+00
92 1.14655e+00 1.06694e+00
93 1.15473e+00 1.06280e+00
94 1.13595e+00 1.06178e+00
95 1.14673e+00 1.05939e+00
96 1.15266e+00 1.05915e+00
97 1.15019e+00 1.05972e+00
98 1.14894e+00 1.05722e+00
99 1.14856e+00 1.05853e+00
100 1.16407e+00 1.06034e+00
101 1.13421e+00 1.05787e+00
102 1.14938e+00 1.05612e+00
103 1.14571e+00 1.05651e+00
104 1.14758e+00 1.05503e+00
105 1.14360e+00 1.05315e+00
106 1.13482e+00 1.05237e+00
107 1.14895e+00 1.04977e+00
108 1.13352e+00 1.05077e+00
109 1.13504e+00 1.04950e+00
110 1.14277e+00 1.04882e+00
111 1.13332e+00 1.04904e+00
112 1.13498e+00 1.04732e+00
113 1.13257e+00 1.04512e+00
114 1.13637e+00 1.04507e+00
115 1.14056e+00 1.04144e+00
116 1.12696e+00 1.04133e+00
117 1.11459e+00 1.03972e+00
118 1.12999e+00 1.03714e+00
119 1.13178e+00 1.04059e+00
120 1.14127e+00 1.03917e+00
121 1.12131e+00 1.03930e+00
122 1.12500e+00 1.03544e+00
123 1.12702e+00 1.03547e+00
124 1.12189e+00 1.03601e+00
125 1.11587e+00 1.03268e+00
126 1.12578e+00 1.03163e+00
127 1.12123e+00 1.03163e+00
128 1.12926e+00 1.03198e+00
129 1.10838e+00 1.03064e+00
130 1.12468e+00 1.03140e+00
131 1.11214e+00 1.03088e+00
132 1.12397e+00 1.02875e+00
133 1.12245e+00 1.02860e+00
134 1.12003e+00 1.02968e+00
135 1.10352e+00 1.02943e+00
136 1.11757e+00 1.02628e+00
137 1.11674e+00 1.02450e+00
138 1.10545e+00 1.02817e+00
139 1.12609e+00 1.02667e+00
140 1.11508e+00 1.02344e+00
141 1.12176e+00 1.02341e+00
142 1.11251e+00 1.02308e+00
143 1.12047e+00 1.02383e+00
144 1.11447e+00 1.02127e+00
145 1.10806e+00 1.02111e+00
146 1.09194e+00 1.01666e+00
147 1.09823e+00 1.01752e+00
148 1.09642e+00 1.01877e+00
149 1.09998e+00 1.01988e+00
150 1.10502e+00 1.01623e+00
151 1.10035e+00 1.01620e+00
152 1.09645e+00 1.01628e+00
153 1.08954e+00 1.01542e+00
154 1.10362e+00 1.01514e+00
155 1.09539e+00 1.01382e+00
156 1.10020e+00 1.01430e+00
157 1.09443e+00 1.01128e+00
158 1.10136e+00 1.01219e+00
159 1.11553e+00 1.01287e+00
160 1.10314e+00 1.01109e+00
161 1.09957e+00 1.00886e+00
162 1.09956e+00 1.01039e+00
163 1.10646e+00 1.01096e+00
164 1.10291e+00 1.01045e+00
165 1.08763e+00 1.00856e+00
166 1.09557e+00 1.00977e+00
167 1.09835e+00 1.00899e+00
168 1.09911e+00 1.00884e+00
169 1.10529e+00 1.00834e+00
170 1.09274e+00 1.01028e+00
171 1.09930e+00 1.00635e+00
172 1.09272e+00 1.00459e+00
173 1.08276e+00 1.00539e+00
174 1.09157e+00 1.00532e+00
175 1.09800e+00 1.00536e+00
176 1.08060e+00 1.00596e+00
177 1.08515e+00 1.00372e+00
178 1.07695e+00 1.00312e+00
179 1.08784e+00 1.00204e+00
180 1.08232e+00 1.00171e+00
181 1.07543e+00 1.00206e+00
182 1.09210e+00 9.99979e-01
183 1.09177e+00 9.99920e-01
184 1.08996e+00 9.97761e-01
185 1.07499e+00 9.97672e-01
186 1.07906e+00 9.98343e-01
187 1.08329e+00 9.97235e-01
188 1.07145e+00 9.96559e-01
189 1.07267e+00 9.97186e-01
190 1.06913e+00 9.92987e-01
191 1.07791e+00 9.93676e-01
192 1.08385e+00 9.93198e-01
193 1.07396e+00 9.92841e-01
194 1.06516e+00 9.92445e-01
195 1.07848e+00 9.93642e-01
196 1.07321e+00 9.91457e-01
197 1.08435e+00 9.91789e-01
198 1.08272e+00 9.91430e-01
199 1.07857e+00 9.94418e-01
200 1.06957e+00 9.89616e-01
201 1.06729e+00 9.89428e-01
202 1.08116e+00 9.88747e-01
203 1.08061e+00 9.90638e-01
204 1.06880e+00 9.86319e-01
205 1.07148e+00 9.87256e-01
206 1.06145e+00 9.86953e-01
207 1.07547e+00 9.88724e-01
208 1.06670e+00 9.88858e-01
209 1.07681e+00 9.89047e-01
210 1.07534e+00 9.87889e-01
211 1.07333e+00 9.85605e-01
212 1.07717e+00 9.88370e-01
213 1.06719e+00 9.88306e-01
214 1.09034e+00 9.86832e-01
215 1.08287e+00 9.87336e-01
216 1.05972e+00 9.84288e-01
217 1.07889e+00 9.86990e-01
218 1.07985e+00 9.88916e-01
219 1.07063e+00 9.87894e-01
220 1.06474e+00 9.86385e-01
221 1.07534e+00 9.83840e-01
222 1.06499e+00 9.83440e-01
223 1.06467e+00 9.83984e-01
224 1.06198e+00 9.83000e-01
225 1.07282e+00 9.83299e-01
226 1.07469e+00 9.81538e-01
227 1.06800e+00 9.82311e-01
228 1.06100e+00 9.81360e-01
229 1.06170e+00 9.80409e-01
230 1.05966e+00 9.78047e-01
231 1.05850e+00 9.77719e-01
232 1.06039e+00 9.81333e-01
233 1.05894e+00 9.79315e-01
234 1.06146e+00 9.76628e-01
235 1.07959e+00 9.77922e-01
236 1.06105e+00 9.79017e-01
237 1.06416e+00 9.78607e-01
238 1.06747e+00 9.77822e-01
239 1.05282e+00 9.77317e-01
240 1.04994e+00 9.75436e-01
241 1.07638e+00 9.78447e-01
242 1.05557e+00 9.80383e-01
243 1.06375e+00 9.76033e-01
244 1.04676e+00 9.78443e-01
245 1.05810e+00 9.76145e-01
246 1.05544e+00 9.74400e-01
247 1.05396e+00 9.75008e-01
248 1.04915e+00 9.73559e-01
249 1.05767e+00 9.75528e-01
250 1.06037e+00 9.72597e-01
251 1.05907e+00 9.74186e-01
252 1.06072e+00 9.72476e-01
253 1.05672e+00 9.71227e-01
254 1.06114e+00 9.70840e-01
255 1.06045e+00 9.70049e-01
256 1.03600e+00 9.70079e-01
257 1.05088e+00 9.70841e-01
258 1.04220e+00 9.69731e-01
259 1.05306e+00 9.68983e-01
260 1.05278e+00 9.69804e-01
261 1.05470e+00 9.70624e-01
262 1.04466e+00 9.71927e-01
263 1.05419e+00 9.69808e-01
264 1.06876e+00 9.72943e-01
265 1.05060e+00 9.67317e-01
266 1.04295e+00 9.67547e-01
267 1.04435e+00 9.67103e-01
268 1.03396e+00 9.67070e-01
269 1.04610e+00 9.66871e-01
270 1.05801e+00 9.66346e-01
271 1.05339e+00 9.67313e-01
272 1.05352e+00 9.68185e-01
273 1.04424e+00 9.68441e-01
274 1.03472e+00 9.67621e-01
275 1.05355e+00 9.66494e-01
276 1.04473e+00 9.65729e-01
277 1.04690e+00 9.66062e-01
278 1.05028e+00 9.65180e-01
279 1.04249e+00 9.65320e-01
280 1.04030e+00 9.65992e-01
281 1.03725e+00 9.64545e-01
282 1.05149e+00 9.63757e-01
283 1.04591e+00 9.63968e-01
284 1.04187e+00 9.62431e-01
285 1.04887e+00 9.66023e-01
286 1.04772e+00 9.64047e-01
287 1.04216e+00 9.62569e-01
288 1.04530e+00 9.63720e-01
289 1.04773e+00 9.63610e-01
290 1.03390e+00 9.62811e-01
291 1.04255e+00 9.63602e-01
292 1.03361e+00 9.61912e-01
293 1.04334e+00 9.63796e-01
294 1.04164e+00 9.62442e-01
295 1.03358e+00 9.59849e-01
296 1.02852e+00 9.59509e-01
297 1.03484e+00 9.63362e-01
298 1.04433e+00 9.59043e-01
299 1.03205e+00 9.59090e-01
300 1.04612e+00 9.58918e-01
301 1.02937e+00 9.58638e-01
302 1.04253e+00 9.57990e-01
303 1.03117e+00 9.59583e-01
304 1.03760e+00 9.60197e-01
305 1.04000e+00 9.59753e-01
306 1.03580e+00 9.60076e-01
307 1.02989e+00 9.61108e-01
308 1.03478e+00 9.61726e-01
309 1.04232e+00 9.57117e-01
310 1.03859e+00 9.58677e-01
311 1.03834e+00 9.57583e-01
312 1.03011e+00 9.55914e-01
313 1.01659e+00 9.55632e-01
314 1.03146e+00 9.59192e-01
315 1.02320e+00 9.54446e-01
316 1.03099e+00 9.56251e-01
317 1.02581e+00 9.55516e-01
318 1.04296e+00 9.57466e-01
319 1.02748e+00 9.54347e-01
320 1.02553e+00 9.54161e-01
321 1.02539e+00 9.52312e-01
322 1.02390e+00 9.52203e-01
323 1.03743e+00 9.53943e-01
324 1.02099e+00 9.55656e-01
325 1.03740e+00 9.56670e-01
326 1.01853e+00 9.54707e-01
327 1.02823e+00 9.55129e-01
328 1.03498e+00 9.55614e-01
329 1.04054e+00 9.52917e-01
330 1.02768e+00 9.54406e-01
331 1.02947e+00 9.52702e-01
332 1.02343e+00 9.51165e-01
333 1.02468e+00 9.52089e-01
334 1.04614e+00 9.56119e-01
335 1.02435e+00 9.53359e-01
336 1.02217e+00 9.54272e-01
337 1.02029e+00 9.52269e-01
338 1.04197e+00 9.51832e-01
339 1.01897e+00 9.51683e-01
340 1.01817e+00 9.52891e-01
341 1.02479e+00 9.52280e-01
342 1.03286e+00 9.54691e-01
343 1.03014e+00 9.53644e-01
344 1.03196e+00 9.51552e-01
345 1.02077e+00 9.52048e-01
346 1.03302e+00 9.50931e-01
347 1.03462e+00 9.53150e-01
348 1.02341e+00 9.52163e-01
349 1.01985e+00 9.52827e-01
350 1.02672e+00 9.55936e-01
351 1.04235e+00 9.55145e-01
352 1.02477e+00 9.53757e-01
353 1.02858e+00 9.53150e-01
354 1.02705e+00 9.51194e-01
355 1.02620e+00 9.53421e-01
356 1.01728e+00 9.51930e-01
357 1.03032e+00 9.50656e-01
358 1.01790e+00 9.50565e-01
359 1.02058e+00 9.51216e-01
360 1.03048e+00 9.52585e-01
361 1.02480e+00 9.51520e-01
362 1.01374e+00 9.51516e-01
363 1.03911e+00 9.51019e-01
364 1.01620e+00 9.50460e-01
365 1.03395e+00 9.48111e-01
366 1.02473e+00 9.52093e-01
367 1.02299e+00 9.50711e-01
368 1.01523e+00 9.49391e-01
369 1.02798e+00 9.49565e-01
370 1.02953e+00 9.53085e-01
371 1.02359e+00 9.48121e-01
372 1.02128e+00 9.48872e-01
373 1.02208e+00 9.48584e-01
374 1.00511e+00 9.48460e-01
375 1.02138e+00 9.49392e-01
376 1.02299e+00 9.49272e-01
377 1.02511e+00 9.51191e-01
378 1.00874e+00 9.49243e-01
379 1.02701e+00 9.47566e-01
380 1.01389e+00 9.50753e-01
381 1.01748e+00 9.49654e-01
382 1.01932e+00 9.48024e-01
383 1.01781e+00 9.46481e-01
384 1.01123e+00 9.46273e-01
385 1.01907e+00 9.49198e-01
386 1.01424e+00 9.52305e-01
387 1.02373e+00 9.50212e-01
388 1.01923e+00 9.48876e-01
389 1.03221e+00 9.51508e-01
390 1.02365e+00 9.52685e-01
391 1.02101e+00 9.49778e-01
392 1.02168e+00 9.48347e-01
393 1.00941e+00 9.50858e-01
394 1.01804e+00 9.49469e-01
395 1.01556e+00 9.49686e-01
396 1.00809e+00 9.46994e-01
397 1.01487e+00 9.45821e-01
398 1.01886e+00 9.49452e-01
399 1.02202e+00 9.48511e-01
400 1.01142e+00 9.48071e-01
401 1.01055e+00 9.48158e-01
402 1.01722e+00 9.47022e-01
403 1.01341e+00 9.47833e-01
404 1.02000e+00 9.45463e-01
405 1.01210e+00 9.48163e-01
406 1.00559e+00 9.47310e-01
407 1.01013e+00 9.49172e-01
408 1.02109e+00 9.46223e-01
409 1.00612e+00 9.46428e-01
410 1.01071e+00 9.45961e-01
411 1.01794e+00 9.46929e-01
412 1.01396e+00 9.45858e-01
413 1.00580e+00 9.43993e-01
414 1.00524e+00 9.45321e-01
415 1.00922e+00 9.46044e-01
416 1.01515e+00 9.48075e-01
417 1.01422e+00 9.48990e-01
418 1.01011e+00 9.46141e-01
419 1.03535e+00 9.47972e-01
420 1.01708e+00 9.47204e-01
421 1.00095e+00 9.51083e-01
422 1.01079e+00 9.45267e-01
423 1.00888e+00 9.44566e-01
424 1.00246e+00 9.45538e-01
425 1.00700e+00 9.47963e-01
426 9.98162e-01 9.46033e-01
427 1.00228e+00 9.46730e-01
428 1.01000e+00 9.47157e-01
429 1.01040e+00 9.44063e-01
430 1.01364e+00 9.45537e-01
431 1.00961e+00 9.45536e-01
432 1.00374e+00 9.42323e-01
433 1.00925e+00 9.43840e-01
434 1.00829e+00 9.43496e-01
435 1.00563e+00 9.43060e-01
436 1.00467e+00 9.47596e-01
437 1.00591e+00 9.45295e-01
438 1.00614e+00 9.42695e-01
439 9.99376e-01 9.41243e-01
440 1.01298e+00 9.42222e-01
441 1.00422e+00 9.45705e-01
442 1.01077e+00 9.45341e-01
443 1.00503e+00 9.46444e-01
444 1.00022e+00 9.43264e-01
445 1.01119e+00 9.43413e-01
446 9.98688e-01 9.41341e-01
447 1.01507e+00 9.43365e-01
448 1.01583e+00 9.42458e-01
449 1.01168e+00 9.42855e-01
450 1.00865e+00 9.43701e-01
451 1.00130e+00 9.41735e-01
452 1.00005e+00 9.45661e-01
453 1.01069e+00 9.46241e-01
454 1.01612e+00 9.46266e-01
455 9.93414e-01 9.42085e-01
456 9.95469e-01 9.39849e-01
457 1.00506e+00 9.40482e-01
458 1.00528e+00 9.41895e-01
459 9.96459e-01 9.42572e-01
460 1.01841e+00 9.41258e-01
461 1.00875e+00 9.40589e-01
462 1.00405e+00 9.40012e-01
463 1.00409e+00 9.40827e-01
464 1.00921e+00 9.43138e-01
465 9.93095e-01 9.40021e-01
466 9.96536e-01 9.42385e-01
467 1.00167e+00 9.39105e-01
468 9.98270e-01 9.41131e-01
469 1.01749e+00 9.41683e-01
470 9.99864e-01 9.41161e-01
471 1.01285e+00 9.42180e-01
472 1.01095e+00 9.41373e-01
473 1.01035e+00 9.41686e-01
474 1.00675e+00 9.40172e-01
475 1.01267e+00 9.40780e-01
476 1.00312e+00 9.39472e-01
477 9.96233e-01 9.38327e-01
478 1.00925e+00 9.40123e-01
479 1.00663e+00 9.41281e-01
480 9.93812e-01 9.39049e-01
481 1.00171e+00 9.40808e-01
482 1.00197e+00 9.39444e-01
483 1.00389e+00 9.39962e-01
484 1.01690e+00 9.39233e-01
485 1.00444e+00 9.39162e-01
486 1.00060e+00 9.38868e-01
487 1.00323e+00 9.40512e-01
488 9.98131e-01 9.39072e-01
489 9.95151e-01 9.41206e-01
490 1.00607e+00 9.40355e-01
491 1.00638e+00 9.43894e-01
492 9.93609e-01 9.39719e-01
493 1.00705e+00 9.38501e-01
494 9.96093e-01 9.37171e-01
495 1.00525e+00 9.35317e-01
496 1.00262e+00 9.36869e-01
497 9.92072e-01 9.39272e-01
498 9.94698e-01 9.36308e-01
499 9.98432e-01 9.38060e-01
500 1.00563e+00 9.36878e-01
501 1.00646e+00 9.36858e-01
502 9.98617e-01 9.38347e-01
503 9.93776e-01 9.37522e-01
504 1.00042e+00 9.38759e-01
505 9.96168e-01 9.37422e-01
506 9.95108e-01 9.36928e-01
507 1.00169e+00 9.39345e-01
508 9.97535e-01 9.36529e-01
509 1.00229e+00 9.37533e-01
510 9.91855e-01 9.37502e-01
511 9.93492e-01 9.38095e-01
512 9.91325e-01 9.35412e-01
513 9.84229e-01 9.37160e-01
514 1.00874e+00 9.36709e-01
515 9.86757e-01 9.34764e-01
516 1.01655e+00 9.37946e-01
517 9.91947e-01 9.34850e-01
518 9.82002e-01 9.34600e-01
519 9.98445e-01 9.34913e-01
520 9.91078e-01 9.34586e-01
521 9.89590e-01 9.33427e-01
522 1.00698e+00 9.37246e-01
523 9.88781e-01 9.33230e-01
524 9.94650e-01 9.32369e-01
525 9.82593e-01 9.35734e-01
526 9.91355e-01 9.36760e-01
527 9.97060e-01 9.37133e-01
528 1.00038e+00 9.35256e-01
529 9.99642e-01 9.36095e-01
530 1.00217e+00 9.36255e-01
531 1.00996e+00 9.36336e-01
532 9.89373e-01 9.35703e-01
533 9.95901e-01 9.34563e-01
534 9.99074e-01 9.36979e-01
535 1.00810e+00 9.37025e-01
536 1.00893e+00 9.37574e-01
537 9.87573e-01 9.34803e-01
538 9.92222e-01 9.33503e-01
539 9.83911e-01 9.32434e-01
540 1.00266e+00 9.34372e-01
541 9.90081e-01 9.38674e-01
542 9.99206e-01 9.34849e-01
543 1.00807e+00 9.33708e-01
544 9.85956e-01 9.35945e-01
545 9.99277e-01 9.39142e-01
546 1.00370e+00 9.38810e-01
547 9.96122e-01 9.37783e-01
548 1.00974e+00 9.35173e-01
549 9.98197e-01 9.36027e-01
550 9.92089e-01 9.35130e-01
551 9.96566e-01 9.34364e-01
552 1.00073e+00 9.32480e-01
553 9.96544e-01 9.33462e-01
554 9.78947e-01 9.34082e-01
555 9.85318e-01 9.32349e-01
556 9.82546e-01 9.32636e-01
557 9.97877e-01 9.33388e-01
558 9.96621e-01 9.33388e-01
559 9.94758e-01 9.32853e-01
560 1.00031e+00 9.34253e-01
561 9.86859e-01 9.34129e-01
562 9.86622e-01 9.32942e-01
563 9.94307e-01 9.33411e-01
564 9.95929e-01 9.34302e-01
565 9.82836e-01 9.34281e-01
566 9.93988e-01 9.32545e-01
567 9.82428e-01 9.33771e-01
568 9.95231e-01 9.33442e-01
569 9.87075e-01 9.32239e-01
570 9.92413e-01 9.30894e-01
571 9.94788e-01 9.32638e-01
572 9.82930e-01 9.32376e-01
573 9.98664e-01 9.32500e-01
574 9.92401e-01 9.30340e-01
575 9.81081e-01 9.31880e-01
576 9.70483e-01 9.31363e-01
577 9.82974e-01 9.30179e-01
578 9.86696e-01 9.30965e-01
579 9.99555e-01 9.32102e-01
580 9.95528e-01 9.32462e-01
581 9.83106e-01 9.31916e-01
582 9.77296e-01 9.31480e-01
583 9.94504e-01 9.30969e-01
584 9.87746e-01 9.34473e-01
585 9.97667e-01 9.31790e-01
586 9.88508e-01 9.31927e-01
587 9.92409e-01 9.31608e-01
588 9.94510e-01 9.30528e-01
589 9.76530e-01 9.33029e-01
590 9.74771e-01 9.31928e-01
591 9.77504e-01 9.32971e-01
592 9.86169e-01 9.33898e-01
593 9.86979e-01 9.32684e-01
594 9.94053e-01 9.32159e-01
595 9.91339e-01 9.30776e-01
596 9.90610e-01 9.30675e-01
597 9.84165e-01 9.29772e-01
598 9.93554e-01 9.31319e-01
599 9.86038e-01 9.31201e-01
600 9.84569e-01 9.32060e-01
601 9.83325e-01 9.34284e-01
602 9.93044e-01 9.32863e-01
603 9.90675e-01 9.31451e-01
604 9.87229e-01 9.31552e-01
605 9.82692e-01 9.32485e-01
606 9.83130e-01 9.31075e-01
607 9.96997e-01 9.31808e-01
608 9.86783e-01 9.33552e-01
609 9.90812e-01 9.32957e-01
610 9.83382e-01 9.30594e-01
611 9.82587e-01 9.30384e-01
612 9.85422e-01 9.30946e-01
613 9.94848e-01 9.31494e-01
614 9.94620e-01 9.31005e-01
615 9.87787e-01 9.30465e-01
616 9.87057e-01 9.32127e-01
617 9.79779e-01 9.31372e-01
618 9.88430e-01 9.32318e-01
619 9.78859e-01 9.32414e-01
620 9.88106e-01 9.31782e-01
621 9.85944e-01 9.34068e-01
622 9.82616e-01 9.34704e-01
623 9.79286e-01 9.31034e-01
624 9.93856e-01 9.30080e-01
625 9.94383e-01 9.31455e-01
626 9.75864e-01 9.29981e-01
627 9.71020e-01 9.30939e-01
628 9.83939e-01 9.27792e-01
629 9.80565e-01 9.29654e-01
630 9.72913e-01 9.31250e-01
631 9.85094e-01 9.29886e-01
632 9.77333e-01 9.29066e-01
633 9.77307e-01 9.30886e-01
634 9.83587e-01 9.31111e-01
635 9.90667e-01 9.32331e-01
636 9.80398e-01 9.29906e-01
637 9.79468e-01 9.30624e-01
638 9.78179e-01 9.30263e-01
639 9.70882e-01 9.30868e-01
640 9.87806e-01 9.32010e-01
641 9.84282e-01 9.29592e-01
642 9.80558e-01 9.28959e-01
643 9.80338e-01 9.31484e-01
644 9.81270e-01 9.30807e-01
645 9.83295e-01 9.30013e-01
646 9.87182e-01 9.31135e-01
647 9.81829e-01 9.29694e-01
648 9.84695e-01 9.28425e-01
649 9.87679e-01 9.28732e-01
650 9.77217e-01 9.31011e-01
651 9.85140e-01 9.29100e-01
652 9.73037e-01 9.30001e-01
653 9.94256e-01 9.28219e-01
654 9.88827e-01 9.29196e-01
655 9.88899e-01 9.28788e-01
656 9.84112e-01 9.26852e-01
657 9.83498e-01 9.27059e-01
658 9.74014e-01 9.28722e-01
659 9.86157e-01 9.26408e-01
660 9.90966e-01 9.28494e-01
661 9.78934e-01 9.30073e-01
662 9.90487e-01 9.28743e-01
663 9.70683e-01 9.28651e-01
664 9.81189e-01 9.26850e-01
665 9.84469e-01 9.28234e-01
666 9.81544e-01 9.26856e-01
667 9.84302e-01 9.28098e-01
668 9.80669e-01 9.28664e-01
669 9.91401e-01 9.28589e-01
670 9.80435e-01 9.28140e-01
671 9.87357e-01 9.29770e-01
672 9.82867e-01 9.27698e-01
673 9.94490e-01 9.27948e-01
674 9.83858e-01 9.27666e-01
675 9.82678e-01 9.25408e-01
676 9.79221e-01 9.26552e-01
677 9.86285e-01 9.25829e-01
678 9.81423e-01 9.27299e-01
679 9.80271e-01 9.30232e-01
680 9.68403e-01 9.25979e-01
681 9.68314e-01 9.27373e-01
682 9.82170e-01 9.27171e-01
683 9.92583e-01 9.26456e-01
684 9.82041e-01 9.27138e-01
685 9.90632e-01 9.28487e-01
686 9.80089e-01 9.26674e-01
687 9.85763e-01 9.25636e-01
688 9.65845e-01 9.27186e-01
689 9.82236e-01 9.27679e-01
690 9.67277e-01 9.25188e-01
691 9.80209e-01 9.29056e-01
692 9.85665e-01 9.25911e-01
693 9.72389e-01 9.27404e-01
694 9.75283e-01 9.26807e-01
695 9.76397e-01 9.26846e-01
696 9.75347e-01 9.27765e-01
697 9.77348e-01 9.27759e-01
698 9.74798e-01 9.26460e-01
699 9.91792e-01 9.25503e-01
700 9.76336e-01 9.27578e-01
701 9.79387e-01 9.26334e-01
702 9.73584e-01 9.26138e-01
703 9.67413e-01 9.27438e-01
704 9.82955e-01 9.26871e-01
705 9.69518e-01 9.26982e-01
706 9.82644e-01 9.26112e-01
707 9.87980e-01 9.27518e-01
708 9.78754e-01 9.25757e-01
709 9.75483e-01 9.27914e-01
710 9.87614e-01 9.27173e-01
711 9.84807e-01 9.26502e-01
712 9.87840e-01 9.26689e-01
713 9.80689e-01 9.27028e-01
714 9.84619e-01 9.26825e-01
715 9.75599e-01 9.24918e-01
716 9.74900e-01 9.26151e-01
717 9.76699e-01 9.27845e-01
718 9.75401e-01 9.28133e-01
719 9.78884e-01 9.26428e-01
720 9.82997e-01 9.27105e-01
721 9.70162e-01 9.24913e-01
722 9.86392e-01 9.26218e-01
723 9.72579e-01 9.25665e-01
724 9.80943e-01 9.24153e-01
725 9.75921e-01 9.26102e-01
726 9.76462e-01 9.25960e-01
727 9.77970e-01 9.25710e-01
728 9.74628e-01 9.25135e-01
729 9.73353e-01 9.25078e-01
730 9.68227e-01 9.26179e-01
731 9.89768e-01 9.24427e-01
732 9.75299e-01 9.22233e-01
733 9.89110e-01 9.24047e-01
734 9.84658e-01 9.25671e-01
735 9.73992e-01 9.24964e-01
736 9.73879e-01 9.26313e-01
737 9.66084e-01 9.26599e-01
738 9.85745e-01 9.25884e-01
739 9.71239e-01 9.24010e-01
740 9.76651e-01 9.24673e-01
741 9.73138e-01 9.24729e-01
742 9.84866e-01 9.24523e-01
743 9.63615e-01 9.23671e-01
744 9.65966e-01 9.22989e-01
745 9.82201e-01 9.24220e-01
746 9.75623e-01 9.23177e-01
747 9.67044e-01 9.24562e-01
748 9.80491e-01 9.23921e-01
749 9.74169e-01 9.23307e-01
750 9.73556e-01 9.24020e-01
751 9.82419e-01 9.25899e-01
752 9.77545e-01 9.25020e-01
753 9.63687e-01 9.23261e-01
754 9.69319e-01 9.24144e-01
755 9.75180e-01 9.22445e-01
756 9.79247e-01 9.23696e-01
757 9.78535e-01 9.23086e-01
758 9.71484e-01 9.24128e-01
759 9.68364e-01 9.23747e-01
760 9.74430e-01 9.22256e-01
761 9.75318e-01 9.23923e-01
762 9.73232e-01 9.25742e-01
763 9.74581e-01 9.24829e-01
764 9.89142e-01 9.24607e-01
765 9.65819e-01 9.24809e-01
766 9.73804e-01 9.21728e-01
767 9.82846e-01 9.22632e-01
768 9.88786e-01 9.22776e-01
769 9.80560e-01 9.22691e-01
770 9.84707e-01 9.24198e-01
771 9.70369e-01 9.24092e-01
772 9.82579e-01 9.22925e-01
773 9.85729e-01 9.24133e-01
774 9.64176e-01 9.22858e-01
775 9.75197e-01 9.22904e-01
776 9.67352e-01 9.22972e-01
777 9.68433e-01 9.22708e-01
778 9.75317e-01 9.23188e-01
779 9.76563e-01 9.21125e-01
780 9.71044e-01 9.22349e-01
781 9.68593e-01 9.23048e-01
782 9.75539e-01 9.21648e-01
783 9.87595e-01 9.24261e-01
784 9.77766e-01 9.22070e-01
785 9.87144e-01 9.22545e-01
786 9.81313e-01 9.21648e-01
787 9.79564e-01 9.24412e-01
788 9.74708e-01 9.24813e-01
789 9.80421e-01 9.25068e-01
790 9.80320e-01 9.22687e-01
791 9.78003e-01 9.24542e-01
792 9.75596e-01 9.23681e-01
793 9.82638e-01 9.22398e-01
794 9.74915e-01 9.21599e-01
795 9.67256e-01 9.21867e-01
796 9.74131e-01 9.22814e-01
797 9.72364e-01 9.22063e-01
798 9.70008e-01 9.21252e-01
799 9.69705e-01 9.21814e-01
800 9.80157e-01 9.22591e-01
801 9.71452e-01 9.22094e-01
802 9.75920e-01 9.20490e-01
803 9.58494e-01 9.22287e-01
804 9.87168e-01 9.22294e-01
805 9.74739e-01 9.19832e-01
806 9.75310e-01 9.21188e-01
807 9.86019e-01 9.21880e-01
808 9.70537e-01 9.20954e-01
809 9.69430e-01 9.22132e-01
810 9.56612e-01 9.20107e-01
811 9.62570e-01 9.18997e-01
812 9.71586e-01 9.19735e-01
813 9.75865e-01 9.19172e-01
814 9.70078e-01 9.20593e-01
815 9.64618e-01 9.20230e-01
816 9.72419e-01 9.18607e-01
817 9.73440e-01 9.19907e-01
818 9.63962e-01 9.19656e-01
819 9.68756e-01 9.19555e-01
820 9.67949e-01 9.18075e-01
821 9.71725e-01 9.18391e-01
822 9.75629e-01 9.19208e-01
823 9.53117e-01 9.19616e-01
824 9.76434e-01 9.20957e-01
825 9.76478e-01 9.20069e-01
826 9.68205e-01 9.18198e-01
827 9.70273e-01 9.19478e-01
828 9.70214e-01 9.20051e-01
829 9.61185e-01 9.17770e-01
830 9.78981e-01 9.19085e-01
831 9.71367e-01 9.18474e-01
832 9.72696e-01 9.18912e-01
833 9.63783e-01 9.18460e-01
834 9.63208e-01 9.19962e-01
835 9.75906e-01 9.23265e-01
836 9.70577e-01 9.22556e-01
837 9.69614e-01 9.20350e-01
838 9.71185e-01 9.19588e-01
839 9.55570e-01 9.19587e-01
840 9.80075e-01 9.18180e-01
841 9.75664e-01 9.19291e-01
842 9.67618e-01 9.19255e-01
843 9.70461e-01 9.19384e-01
844 9.72759e-01 9.18276e-01
845 9.78750e-01 9.19720e-01
846 9.73649e-01 9.17917e-01
847 9.67953e-01 9.16118e-01
848 9.69466e-01 9.17346e-01
849 9.73452e-01 9.20016e-01
850 9.73288e-01 9.17684e-01
851 9.65262e-01 9.20600e-01
852 9.68347e-01 9.19677e-01
853 9.74959e-01 9.20073e-01
854 9.65411e-01 9.18439e-01
855 9.69416e-01 9.16135e-01
856 9.62639e-01 9.18176e-01
857 9.76259e-01 9.17478e-01
858 9.66065e-01 9.16576e-01
859 9.81549e-01 9.16985e-01
860 9.65454e-01 9.19675e-01
861 9.53900e-01 9.17918e-01
862 9.62807e-01 9.19549e-01
863 9.55888e-01 9.16725e-01
864 9.59793e-01 9.15333e-01
865 9.64942e-01 9.16063e-01
866 9.68526e-01 9.17085e-01
867 9.70508e-01 9.18512e-01
868 9.62612e-01 9.21729e-01
869 9.74102e-01 9.17788e-01
870 9.81818e-01 9.16151e-01
871 9.66254e-01 9.17941e-01
872 9.58791e-01 9.16267e-01
873 9.68562e-01 9.16445e-01
874 9.66460e-01 9.18465e-01
875 9.59670e-01 9.17296e-01
876 9.59841e-01 9.15905e-01
877 9.80046e-01 9.17501e-01
878 9.62726e-01 9.19075e-01
879 9.61977e-01 9.18431e-01
880 9.69659e-01 9.17487e-01
881 9.64684e-01 9.18620e-01
882 9.66736e-01 9.17574e-01
883 9.64313e-01 9.17571e-01
884 9.70091e-01 9.17970e-01
885 9.74434e-01 9.18620e-01
886 9.68056e-01 9.17075e-01
887 9.73643e-01 9.16814e-01
888 9.69901e-01 9.17652e-01
889 9.60638e-01 9.17518e-01
890 9.65238e-01 9.17206e-01
891 9.67204e-01 9.19118e-01
892 9.41754e-01 9.17063e-01
893 9.69046e-01 9.20340e-01
894 9.63592e-01 9.17465e-01
895 9.59468e-01 9.17142e-01
896 9.68096e-01 9.16636e-01
897 9.72005e-01 9.16568e-01
898 9.71635e-01 9.17555e-01
899 9.63896e-01 9.15430e-01
900 9.70892e-01 9.16767e-01
901 9.73697e-01 9.15612e-01
902 9.73718e-01 9.18117e-01
903 9.60836e-01 9.18041e-01
904 9.62304e-01 9.19134e-01
905 9.71342e-01 9.17141e-01
906 9.54595e-01 9.18212e-01
907 9.61851e-01 9.17817e-01
908 9.65582e-01 9.16751e-01
909 9.59335e-01 9.14955e-01
910 9.70259e-01 9.15550e-01
911 9.70074e-01 9.16457e-01
912 9.57986e-01 9.18920e-01
913 9.67803e-01 9.17036e-01
914 9.64400e-01 9.17995e-01
915 9.61573e-01 9.18135e-01
916 9.69883e-01 9.17466e-01
917 9.58768e-01 9.17036e-01
918 9.63175e-01 9.15286e-01
919 9.74115e-01 9.16053e-01
920 9.72159e-01 9.18321e-01
921 9.65605e-01 9.16134e-01
922 9.58148e-01 9.14697e-01
923 9.62599e-01 9.15605e-01
924 9.68229e-01 9.17783e-01
925 9.50828e-01 9.17876e-01
926 9.68465e-01 9.16853e-01
927 9.63210e-01 9.17179e-01
928 9.61905e-01 9.16602e-01
929 9.77161e-01 9.15570e-01
930 9.64259e-01 9.15917e-01
931 9.79848e-01 9.18665e-01
932 9.67502e-01 9.16945e-01
933 9.55386e-01 9.15932e-01
934 9.62381e-01 9.15295e-01
935 9.64996e-01 9.15253e-01
936 9.85315e-01 9.16072e-01
937 9.66756e-01 9.16652e-01
938 9.66867e-01 9.14151e-01
939 9.46768e-01 9.14417e-01
940 9.63659e-01 9.14343e-01
941 9.68645e-01 9.13747e-01
942 9.55440e-01 9.15540e-01
943 9.56885e-01 9.16217e-01
944 9.57527e-01 9.17726e-01
945 9.61918e-01 9.16066e-01
946 9.48797e-01 9.15807e-01
947 9.62737e-01 9.16364e-01
948 9.60270e-01 9.12464e-01
949 9.64040e-01 9.12986e-01
950 9.69197e-01 9.14288e-01
951 9.66296e-01 9.15928e-01
952 9.61338e-01 9.15112e-01
953 9.68827e-01 9.13522e-01
954 9.60353e-01 9.13143e-01
955 9.66745e-01 9.13236e-01
956 9.70429e-01 9.14019e-01
957 9.64865e-01 9.12663e-01
958 9.69608e-01 9.15967e-01
959 9.69801e-01 9.14577e-01
960 9.62145e-01 9.15060e-01
961 9.65426e-01 9.14360e-01
962 9.67950e-01 9.13547e-01
963 9.55420e-01 9.14370e-01
964 9.66446e-01 9.14423e-01
965 9.60127e-01 9.13818e-01
966 9.60451e-01 9.16517e-01
967 9.73493e-01 9.13141e-01
968 9.57842e-01 9.11812e-01
969 9.63153e-01 9.12295e-01
970 9.51990e-01 9.14309e-01
971 9.57746e-01 9.14024e-01
972 9.64473e-01 9.13377e-01
973 9.75473e-01 9.12899e-01
974 9.74688e-01 9.14028e-01
975 9.57768e-01 9.15051e-01
976 9.68381e-01 9.14656e-01
977 9.57893e-01 9.13944e-01
978 9.54153e-01 9.15083e-01
979 9.67160e-01 9.13792e-01
980 9.42651e-01 9.13165e-01
981 9.61487e-01 9.13168e-01
982 9.51418e-01 9.13636e-01
983 9.62235e-01 9.13112e-01
984 9.64024e-01 9.12937e-01
985 9.66607e-01 9.11786e-01
986 9.57978e-01 9.12764e-01
987 9.64997e-01 9.10631e-01
988 9.62420e-01 9.10826e-01
989 9.61861e-01 9.12058e-01
990 9.69072e-01 9.13990e-01
991 9.52985e-01 9.16088e-01
992 9.59364e-01 9.12593e-01
993 9.54590e-01 9.12123e-01
994 9.62540e-01 9.10976e-01
995 9.60191e-01 9.12192e-01
996 9.57946e-01 9.10355e-01
997 9.69658e-01 9.11854e-01
998 9.43505e-01 9.11837e-01
999 9.53612e-01 9.12469e-01
