training dataset: fesc_test
seed = 5
umFeatures = 7
Feature List: SFRs, Mstars, masses, redshifts, fgases, min_dist, t_lookback
fluxSize = 4
batch_size = 256
epochs     = 1000
0 epoch  1 train loss  2 test loss
0 1.31428e+00 1.21013e+00
1 1.21456e+00 1.10463e+00
2 1.13250e+00 1.06129e+00
3 1.11812e+00 1.04968e+00
4 1.08853e+00 1.01939e+00
5 1.07721e+00 1.08825e+00
6 1.08948e+00 9.91530e-01
7 1.06861e+00 9.94588e-01
8 1.05152e+00 9.96377e-01
9 1.04576e+00 9.81705e-01
10 1.03624e+00 9.79286e-01
11 1.03119e+00 9.76867e-01
12 1.02389e+00 9.63436e-01
13 1.01913e+00 9.76519e-01
14 1.01561e+00 9.61803e-01
15 1.01204e+00 9.65138e-01
16 1.00484e+00 9.55424e-01
17 1.01012e+00 9.71750e-01
18 1.00738e+00 9.79883e-01
19 1.00717e+00 9.75053e-01
20 1.00386e+00 9.48377e-01
21 9.91087e-01 9.50709e-01
22 9.98475e-01 9.49707e-01
23 1.00092e+00 9.63771e-01
24 9.92938e-01 9.48708e-01
25 9.89947e-01 9.44793e-01
26 9.89847e-01 9.41524e-01
27 9.87452e-01 9.53223e-01
28 9.83909e-01 9.37531e-01
29 9.73039e-01 9.43496e-01
30 9.72844e-01 9.41546e-01
31 9.87239e-01 9.49372e-01
32 9.86454e-01 9.39547e-01
33 9.86701e-01 9.38923e-01
34 9.76170e-01 9.29429e-01
35 9.71864e-01 9.28689e-01
36 9.78173e-01 9.38057e-01
37 9.80132e-01 9.33924e-01
38 9.58016e-01 9.34446e-01
39 9.56434e-01 9.20124e-01
40 9.75315e-01 9.21353e-01
41 9.68311e-01 9.20214e-01
42 9.78295e-01 9.41728e-01
43 9.74249e-01 9.25535e-01
44 9.61264e-01 9.35082e-01
45 9.56432e-01 9.18757e-01
46 9.62865e-01 9.23331e-01
47 9.66614e-01 9.26529e-01
48 9.61237e-01 9.13586e-01
49 9.55574e-01 9.49905e-01
50 9.65827e-01 9.11600e-01
51 9.49908e-01 9.11083e-01
52 9.52698e-01 9.21930e-01
53 9.52276e-01 9.06493e-01
54 9.68369e-01 9.31202e-01
55 9.59302e-01 9.18365e-01
56 9.56092e-01 9.26794e-01
57 9.58202e-01 9.23722e-01
58 9.33776e-01 8.98900e-01
59 9.59812e-01 9.08731e-01
60 9.40001e-01 9.25853e-01
61 9.46481e-01 9.08493e-01
62 9.49458e-01 9.16250e-01
63 9.43797e-01 9.03059e-01
64 9.45721e-01 9.03909e-01
65 9.41352e-01 9.31840e-01
66 9.61610e-01 9.07752e-01
67 9.37806e-01 9.09427e-01
68 9.37857e-01 9.06229e-01
69 9.38663e-01 8.92055e-01
70 9.46084e-01 9.22085e-01
71 9.44277e-01 8.99732e-01
72 9.44026e-01 8.94657e-01
73 9.34376e-01 9.00402e-01
74 9.44071e-01 9.07857e-01
75 9.33168e-01 8.91371e-01
76 9.38152e-01 9.23468e-01
77 9.21451e-01 8.99334e-01
78 9.21135e-01 9.30657e-01
79 9.36984e-01 8.95971e-01
80 9.21777e-01 8.93486e-01
81 9.32467e-01 8.91209e-01
82 9.24445e-01 8.88315e-01
83 9.35322e-01 8.91724e-01
84 9.22660e-01 8.88164e-01
85 9.24436e-01 8.91009e-01
86 9.28791e-01 8.87621e-01
87 9.26641e-01 8.91280e-01
88 9.19289e-01 8.82923e-01
89 9.25043e-01 8.82628e-01
90 9.09198e-01 8.93386e-01
91 9.29049e-01 8.85970e-01
92 9.27408e-01 8.95938e-01
93 9.26711e-01 8.81891e-01
94 9.22917e-01 8.88920e-01
95 9.17087e-01 8.81284e-01
96 9.25151e-01 8.94072e-01
97 9.21616e-01 8.87582e-01
98 9.15100e-01 8.84565e-01
99 9.19132e-01 8.82013e-01
100 9.12757e-01 8.90694e-01
101 9.21502e-01 8.83132e-01
102 9.10785e-01 8.88190e-01
103 9.09014e-01 8.85496e-01
104 9.25538e-01 8.89148e-01
105 9.14582e-01 8.84883e-01
106 9.16520e-01 8.83643e-01
107 9.10976e-01 8.82840e-01
108 9.11921e-01 8.81219e-01
109 9.13987e-01 8.81016e-01
110 9.14494e-01 8.85748e-01
111 9.12308e-01 8.78385e-01
112 9.14899e-01 8.86773e-01
113 9.12689e-01 8.81129e-01
114 9.07523e-01 8.77865e-01
115 9.21749e-01 8.83014e-01
116 9.17884e-01 8.84381e-01
117 9.14289e-01 8.88522e-01
118 9.18625e-01 8.84859e-01
119 9.19489e-01 8.74359e-01
120 9.12665e-01 8.75748e-01
121 8.95878e-01 8.80772e-01
122 9.06096e-01 8.83809e-01
123 8.98345e-01 8.76331e-01
124 9.12058e-01 8.71934e-01
125 9.03864e-01 8.76111e-01
126 9.21143e-01 8.93190e-01
127 9.03538e-01 8.80460e-01
128 9.05114e-01 8.84450e-01
129 9.11632e-01 8.86739e-01
130 9.14246e-01 8.78398e-01
131 9.10320e-01 8.80717e-01
132 8.97415e-01 8.88451e-01
133 9.05565e-01 8.86218e-01
134 8.95829e-01 8.85228e-01
135 8.99283e-01 8.70232e-01
136 8.99194e-01 8.79798e-01
137 9.10137e-01 8.78321e-01
138 8.99455e-01 8.87303e-01
139 8.98228e-01 8.80892e-01
140 8.88369e-01 8.74791e-01
141 9.08354e-01 8.75661e-01
142 8.98450e-01 8.72561e-01
143 8.97901e-01 8.81290e-01
144 8.94119e-01 8.74882e-01
145 8.97853e-01 8.74224e-01
146 8.90662e-01 8.83770e-01
147 9.04610e-01 8.81039e-01
148 8.97024e-01 8.96586e-01
149 9.07291e-01 8.71528e-01
150 9.03082e-01 8.75200e-01
151 8.97956e-01 8.76164e-01
152 8.93316e-01 8.71743e-01
153 8.90924e-01 8.78106e-01
154 8.94908e-01 9.09551e-01
155 9.02232e-01 8.72424e-01
156 9.04761e-01 8.74143e-01
157 8.87669e-01 8.89355e-01
158 8.90480e-01 8.76952e-01
159 8.86761e-01 8.71559e-01
160 9.06617e-01 8.65927e-01
161 8.93572e-01 8.76613e-01
162 8.93311e-01 8.74370e-01
163 8.89246e-01 8.64791e-01
164 8.86260e-01 8.80713e-01
165 8.86253e-01 8.68014e-01
166 8.90826e-01 8.70101e-01
167 8.83553e-01 8.63761e-01
168 8.94075e-01 8.76619e-01
169 8.89169e-01 8.68435e-01
170 8.90152e-01 8.70881e-01
171 8.90296e-01 8.66791e-01
172 8.79713e-01 8.84516e-01
173 8.84642e-01 8.70550e-01
174 8.90807e-01 8.65249e-01
175 8.86356e-01 8.78344e-01
176 8.88451e-01 8.79890e-01
177 8.96062e-01 8.66719e-01
178 8.90825e-01 8.79712e-01
179 8.82134e-01 8.61265e-01
180 8.95657e-01 8.61054e-01
181 8.74050e-01 8.62431e-01
182 8.72714e-01 8.67952e-01
183 8.93993e-01 8.65281e-01
184 8.84291e-01 8.54287e-01
185 8.91197e-01 8.64959e-01
186 8.79772e-01 8.64722e-01
187 8.84396e-01 8.74839e-01
188 8.86150e-01 8.73018e-01
189 8.81486e-01 8.72651e-01
190 8.79903e-01 8.67148e-01
191 8.86074e-01 8.66377e-01
192 8.69252e-01 8.66471e-01
193 8.73990e-01 8.81105e-01
194 8.78887e-01 8.58544e-01
195 8.88414e-01 8.78828e-01
196 8.65674e-01 8.63698e-01
197 8.75866e-01 8.60933e-01
198 8.75973e-01 8.74709e-01
199 8.87994e-01 8.74738e-01
200 8.79469e-01 8.57384e-01
201 8.78012e-01 8.58187e-01
202 8.72684e-01 8.59108e-01
203 8.76589e-01 8.68016e-01
204 8.81253e-01 8.82760e-01
205 8.74327e-01 8.63680e-01
206 8.82286e-01 8.62464e-01
207 8.73041e-01 8.60447e-01
208 8.69653e-01 8.60273e-01
209 8.69378e-01 8.88947e-01
210 8.72138e-01 8.70724e-01
211 8.80044e-01 8.82650e-01
212 8.91321e-01 8.66345e-01
213 8.70712e-01 8.56104e-01
214 8.67119e-01 8.59107e-01
215 8.67417e-01 8.65201e-01
216 8.72899e-01 8.63158e-01
217 8.65265e-01 8.62306e-01
218 8.74779e-01 8.60404e-01
219 8.66495e-01 8.60088e-01
220 8.70311e-01 8.67138e-01
221 8.75132e-01 8.62740e-01
222 8.72962e-01 8.57425e-01
223 8.65865e-01 8.57443e-01
224 8.70927e-01 8.60497e-01
225 8.66459e-01 8.57990e-01
226 8.65722e-01 8.53814e-01
227 8.60463e-01 8.55450e-01
228 8.64414e-01 8.63429e-01
229 8.67263e-01 8.59971e-01
230 8.64393e-01 8.57695e-01
231 8.64044e-01 8.51951e-01
232 8.68801e-01 8.60464e-01
233 8.63746e-01 8.55784e-01
234 8.74416e-01 8.58011e-01
235 8.65210e-01 8.51351e-01
236 8.58811e-01 8.57208e-01
237 8.71107e-01 8.62707e-01
238 8.63838e-01 8.73609e-01
239 8.68353e-01 8.60372e-01
240 8.67245e-01 8.55111e-01
241 8.58193e-01 8.52255e-01
242 8.60575e-01 8.43789e-01
243 8.59584e-01 8.44522e-01
244 8.58628e-01 8.49578e-01
245 8.63506e-01 8.46582e-01
246 8.59909e-01 8.49657e-01
247 8.54922e-01 8.57834e-01
248 8.64710e-01 8.68017e-01
249 8.67413e-01 8.53590e-01
250 8.58200e-01 8.42203e-01
251 8.61047e-01 8.49973e-01
252 8.59353e-01 8.45578e-01
253 8.62694e-01 8.49189e-01
254 8.62084e-01 8.50565e-01
255 8.61076e-01 8.47039e-01
256 8.59190e-01 8.39983e-01
257 8.60197e-01 8.41987e-01
258 8.58067e-01 8.56976e-01
259 8.59474e-01 8.51418e-01
260 8.52196e-01 8.51419e-01
261 8.59594e-01 8.44880e-01
262 8.46684e-01 8.44726e-01
263 8.73748e-01 8.55846e-01
264 8.50517e-01 8.46443e-01
265 8.52019e-01 8.65365e-01
266 8.53520e-01 8.36147e-01
267 8.49045e-01 8.71667e-01
268 8.61399e-01 8.48683e-01
269 8.47376e-01 8.42548e-01
270 8.63848e-01 8.45690e-01
271 8.49850e-01 8.55781e-01
272 8.52547e-01 8.48128e-01
273 8.54893e-01 8.53082e-01
274 8.44838e-01 8.47931e-01
275 8.49926e-01 8.57561e-01
276 8.49527e-01 8.53820e-01
277 8.58328e-01 8.44732e-01
278 8.51118e-01 8.46390e-01
279 8.49597e-01 8.58178e-01
280 8.51390e-01 8.49973e-01
281 8.49885e-01 8.34894e-01
282 8.43015e-01 8.41587e-01
283 8.54452e-01 8.47839e-01
284 8.42968e-01 8.41286e-01
285 8.59777e-01 8.45412e-01
286 8.53123e-01 8.53058e-01
287 8.46186e-01 8.48654e-01
288 8.42842e-01 8.54352e-01
289 8.53266e-01 8.45478e-01
290 8.39697e-01 8.49665e-01
291 8.51005e-01 8.37639e-01
292 8.40887e-01 8.48464e-01
293 8.40130e-01 8.52535e-01
294 8.41220e-01 8.41952e-01
295 8.40807e-01 8.46616e-01
296 8.48000e-01 8.38925e-01
297 8.41184e-01 8.42915e-01
298 8.39844e-01 8.41722e-01
299 8.37591e-01 8.54794e-01
300 8.47884e-01 8.57936e-01
301 8.43876e-01 8.54964e-01
302 8.43173e-01 8.50777e-01
303 8.41732e-01 8.58978e-01
304 8.36535e-01 8.43275e-01
305 8.41910e-01 8.60879e-01
306 8.46470e-01 8.46901e-01
307 8.38304e-01 8.36924e-01
308 8.50518e-01 8.40534e-01
309 8.42704e-01 8.42903e-01
310 8.36985e-01 8.33599e-01
311 8.34217e-01 8.44622e-01
312 8.36886e-01 8.62941e-01
313 8.34368e-01 8.49923e-01
314 8.33518e-01 8.41687e-01
315 8.33710e-01 8.66814e-01
316 8.45111e-01 8.41969e-01
317 8.31543e-01 8.59019e-01
318 8.45025e-01 8.45286e-01
319 8.23420e-01 8.44684e-01
320 8.36251e-01 8.45820e-01
321 8.42839e-01 8.71450e-01
322 8.24199e-01 8.43661e-01
323 8.20756e-01 8.39483e-01
324 8.31864e-01 8.38185e-01
325 8.38149e-01 8.61461e-01
326 8.34274e-01 8.52363e-01
327 8.29673e-01 8.44511e-01
328 8.25682e-01 8.44059e-01
329 8.34129e-01 8.51784e-01
330 8.33645e-01 8.33934e-01
331 8.27835e-01 8.36566e-01
332 8.39114e-01 8.47312e-01
333 8.28842e-01 8.43210e-01
334 8.31292e-01 8.40815e-01
335 8.34716e-01 8.44126e-01
336 8.30016e-01 8.47887e-01
337 8.30820e-01 8.44748e-01
338 8.26970e-01 8.36257e-01
339 8.26829e-01 8.50519e-01
340 8.31862e-01 8.51927e-01
341 8.31063e-01 8.46703e-01
342 8.24584e-01 8.50495e-01
343 8.24241e-01 8.42919e-01
344 8.33353e-01 8.63240e-01
345 8.29433e-01 8.89717e-01
346 8.20145e-01 8.59513e-01
347 8.23734e-01 8.39794e-01
348 8.29240e-01 8.58312e-01
349 8.27080e-01 8.52904e-01
350 8.24508e-01 8.73306e-01
351 8.34571e-01 8.48922e-01
352 8.23225e-01 8.36647e-01
353 8.21633e-01 8.46613e-01
354 8.27330e-01 8.38710e-01
355 8.28464e-01 8.52720e-01
356 8.24607e-01 8.45317e-01
357 8.24640e-01 8.36916e-01
358 8.17619e-01 8.39042e-01
359 8.31380e-01 8.46117e-01
360 8.25987e-01 8.54794e-01
361 8.18228e-01 8.56856e-01
362 8.24438e-01 8.42312e-01
363 8.25789e-01 8.52389e-01
364 8.28026e-01 8.44699e-01
365 8.26496e-01 8.38646e-01
366 8.10728e-01 8.51841e-01
367 8.27489e-01 8.47282e-01
368 8.14776e-01 8.43895e-01
369 8.26451e-01 8.62992e-01
370 8.26215e-01 8.37886e-01
371 8.27977e-01 8.49375e-01
372 8.09865e-01 8.41075e-01
373 8.12780e-01 8.42797e-01
374 8.18356e-01 8.68667e-01
375 8.16459e-01 8.46888e-01
376 8.20095e-01 8.44847e-01
377 8.17412e-01 8.49626e-01
378 8.15544e-01 8.46383e-01
379 8.12031e-01 8.46018e-01
380 8.18245e-01 8.53081e-01
381 8.15274e-01 8.50456e-01
382 8.15110e-01 8.44291e-01
383 8.13471e-01 8.28307e-01
384 8.11399e-01 8.46162e-01
385 8.24091e-01 8.48900e-01
386 8.10735e-01 8.50147e-01
387 8.12287e-01 8.52173e-01
388 8.09729e-01 8.55151e-01
389 8.08488e-01 8.39815e-01
390 8.16722e-01 8.42372e-01
391 8.10246e-01 8.41927e-01
392 8.12295e-01 8.66580e-01
393 8.08366e-01 8.59213e-01
394 8.04146e-01 8.42760e-01
395 7.94217e-01 8.51512e-01
396 7.95262e-01 8.53448e-01
397 7.99847e-01 8.67588e-01
398 8.06150e-01 8.57232e-01
399 8.17867e-01 8.70232e-01
400 8.03541e-01 8.48665e-01
401 8.08060e-01 8.56935e-01
402 8.13243e-01 8.70125e-01
403 8.16237e-01 8.49906e-01
404 8.06136e-01 8.37569e-01
405 8.10302e-01 8.42348e-01
406 8.10401e-01 8.49511e-01
407 8.06626e-01 8.52539e-01
408 8.07671e-01 8.42240e-01
409 8.07664e-01 8.58045e-01
410 7.94831e-01 8.50145e-01
411 8.03667e-01 8.44093e-01
412 8.06620e-01 8.63435e-01
413 8.08235e-01 8.58446e-01
414 8.03883e-01 8.75963e-01
415 8.00048e-01 8.55344e-01
416 7.96940e-01 8.40634e-01
417 8.02834e-01 8.76631e-01
418 8.10409e-01 8.56633e-01
419 8.01339e-01 8.49749e-01
420 8.05593e-01 8.34153e-01
421 8.03690e-01 8.58354e-01
422 8.04152e-01 8.64730e-01
423 7.95692e-01 8.46916e-01
424 8.03880e-01 8.52529e-01
425 7.98653e-01 8.43216e-01
426 7.97698e-01 8.56930e-01
427 7.98093e-01 8.45344e-01
428 8.01193e-01 8.58148e-01
429 7.93417e-01 8.47592e-01
430 8.04125e-01 8.54566e-01
431 8.04450e-01 8.60132e-01
432 8.00945e-01 8.39778e-01
433 7.96138e-01 8.46603e-01
434 7.91674e-01 8.60916e-01
435 7.93887e-01 8.53073e-01
436 8.16559e-01 8.53848e-01
437 7.99335e-01 8.42404e-01
438 8.02732e-01 8.44227e-01
439 8.09942e-01 8.72806e-01
440 8.01287e-01 8.45978e-01
441 7.90645e-01 8.45151e-01
442 8.13281e-01 8.34201e-01
443 7.82486e-01 8.46314e-01
444 8.00252e-01 8.48549e-01
445 7.85934e-01 8.49661e-01
446 7.88378e-01 8.54096e-01
447 8.04425e-01 8.48908e-01
448 8.04601e-01 8.62412e-01
449 7.96448e-01 8.48765e-01
450 7.92527e-01 8.47559e-01
451 7.84014e-01 8.49022e-01
452 7.95475e-01 8.60012e-01
453 7.85309e-01 8.46164e-01
454 7.94453e-01 8.46117e-01
455 7.93502e-01 8.50514e-01
456 8.11871e-01 8.58719e-01
457 7.95360e-01 8.47259e-01
458 7.94343e-01 8.68385e-01
459 7.91570e-01 8.55504e-01
460 8.01585e-01 8.51654e-01
461 7.96190e-01 8.72471e-01
462 7.99183e-01 8.36156e-01
463 7.89410e-01 8.49201e-01
464 7.93298e-01 8.47549e-01
465 8.03044e-01 8.47309e-01
466 7.94425e-01 8.44554e-01
467 7.77215e-01 8.57336e-01
468 7.83216e-01 8.39064e-01
469 7.93505e-01 8.70513e-01
470 7.69795e-01 8.57265e-01
471 7.89716e-01 8.56028e-01
472 7.85201e-01 8.69081e-01
473 7.92677e-01 8.63120e-01
474 7.84260e-01 8.45182e-01
475 7.82397e-01 8.52102e-01
476 8.03880e-01 8.49184e-01
477 7.81518e-01 8.65769e-01
478 8.04183e-01 8.37827e-01
479 7.78349e-01 8.52773e-01
480 7.96231e-01 8.51970e-01
481 7.77951e-01 8.58067e-01
482 7.72794e-01 8.51525e-01
483 7.80194e-01 8.69205e-01
484 7.80908e-01 8.67297e-01
485 7.86291e-01 8.48714e-01
486 7.90511e-01 8.50659e-01
487 7.73101e-01 8.59419e-01
488 7.93021e-01 8.60409e-01
489 7.95818e-01 8.40865e-01
490 7.77352e-01 8.39563e-01
491 7.78446e-01 8.43595e-01
492 7.87404e-01 8.59284e-01
493 7.72644e-01 8.52214e-01
494 7.80736e-01 8.39625e-01
495 7.76879e-01 8.35242e-01
496 7.84297e-01 8.59025e-01
497 7.72074e-01 8.50691e-01
498 7.84108e-01 8.41388e-01
499 7.84065e-01 8.42893e-01
500 7.91623e-01 8.57969e-01
501 7.64709e-01 8.50551e-01
502 7.73754e-01 8.60580e-01
503 7.72857e-01 8.68833e-01
504 7.95097e-01 8.60649e-01
505 7.83019e-01 8.55377e-01
506 7.73540e-01 8.42732e-01
507 7.73838e-01 8.66494e-01
508 7.67300e-01 8.44029e-01
509 7.73289e-01 8.54904e-01
510 7.77028e-01 8.46235e-01
511 7.69345e-01 8.47021e-01
512 7.53397e-01 8.48226e-01
513 7.78874e-01 8.51920e-01
514 7.69977e-01 8.57836e-01
515 7.78890e-01 8.55560e-01
516 7.72087e-01 8.55661e-01
517 7.78968e-01 8.51355e-01
518 7.70902e-01 8.49143e-01
519 7.70007e-01 8.42078e-01
520 7.67900e-01 8.56601e-01
521 7.81773e-01 8.45278e-01
522 7.81806e-01 8.57347e-01
523 7.86421e-01 8.64060e-01
524 7.73967e-01 8.59503e-01
525 7.73121e-01 8.42180e-01
526 7.71741e-01 8.51207e-01
527 7.73962e-01 8.56156e-01
528 7.62321e-01 8.48408e-01
529 7.83494e-01 8.46137e-01
530 7.76445e-01 8.42255e-01
531 7.73064e-01 8.59660e-01
532 7.72121e-01 8.61724e-01
533 7.61789e-01 8.54248e-01
534 7.58792e-01 8.48305e-01
535 7.72292e-01 8.69321e-01
536 7.80891e-01 8.50854e-01
537 7.66479e-01 8.52183e-01
538 7.56292e-01 8.48909e-01
539 7.71192e-01 8.88350e-01
540 7.69691e-01 8.64675e-01
541 7.74930e-01 8.51214e-01
542 7.59967e-01 8.74384e-01
543 7.69016e-01 8.65836e-01
544 7.62335e-01 8.74460e-01
545 7.66631e-01 8.52159e-01
546 7.66453e-01 8.54335e-01
547 7.76147e-01 8.57574e-01
548 7.63588e-01 8.51437e-01
549 7.64462e-01 8.46795e-01
550 7.68659e-01 8.62885e-01
551 7.73134e-01 8.48800e-01
552 7.67853e-01 8.68030e-01
553 7.56119e-01 8.58441e-01
554 7.61934e-01 8.66318e-01
555 7.60562e-01 8.84023e-01
556 7.70468e-01 8.58418e-01
557 7.59800e-01 8.36596e-01
558 7.46237e-01 8.50467e-01
559 7.66536e-01 8.54769e-01
560 7.63382e-01 8.73477e-01
561 7.63700e-01 8.53403e-01
562 7.68417e-01 8.47466e-01
563 7.61406e-01 8.51665e-01
564 7.60597e-01 8.49666e-01
565 7.57921e-01 8.55889e-01
566 7.66571e-01 8.53557e-01
567 7.68714e-01 8.53854e-01
568 7.62031e-01 8.63410e-01
569 7.68030e-01 8.55093e-01
570 7.57509e-01 8.57111e-01
571 7.63516e-01 8.70760e-01
572 7.58302e-01 8.45168e-01
573 7.55947e-01 8.45349e-01
574 7.68633e-01 8.47165e-01
575 7.75404e-01 8.39542e-01
576 7.51494e-01 8.55174e-01
577 7.70773e-01 8.53636e-01
578 7.44381e-01 8.89143e-01
579 7.62979e-01 8.44732e-01
580 7.66874e-01 8.50408e-01
581 7.56817e-01 8.61837e-01
582 7.51923e-01 8.56959e-01
583 7.57706e-01 8.69949e-01
584 7.68548e-01 8.55495e-01
585 7.65962e-01 8.53434e-01
586 7.55422e-01 8.54448e-01
587 7.51089e-01 8.39257e-01
588 7.60118e-01 8.46382e-01
589 7.64246e-01 8.55345e-01
590 7.54494e-01 8.75366e-01
591 7.56943e-01 8.56981e-01
592 7.54372e-01 8.48556e-01
593 7.47153e-01 8.50539e-01
594 7.63272e-01 8.58084e-01
595 7.58596e-01 8.73709e-01
596 7.63022e-01 8.62369e-01
597 7.46453e-01 8.62249e-01
598 7.64534e-01 8.43560e-01
599 7.48306e-01 8.49182e-01
600 7.51639e-01 8.54440e-01
601 7.50760e-01 8.67487e-01
602 7.53079e-01 8.37014e-01
603 7.53132e-01 8.59215e-01
604 7.65658e-01 8.54064e-01
605 7.57092e-01 8.66597e-01
606 7.55388e-01 8.57817e-01
607 7.72283e-01 8.75498e-01
608 7.55401e-01 8.59132e-01
609 7.35825e-01 8.49730e-01
610 7.48187e-01 8.99252e-01
611 7.54454e-01 8.82371e-01
612 7.62587e-01 8.58989e-01
613 7.45924e-01 8.49000e-01
614 7.51995e-01 8.54147e-01
615 7.55116e-01 8.51553e-01
616 7.46799e-01 8.64746e-01
617 7.61973e-01 8.81221e-01
618 7.48440e-01 8.63549e-01
619 7.57710e-01 8.52326e-01
620 7.51301e-01 8.57997e-01
621 7.49742e-01 8.53884e-01
622 7.47913e-01 8.67758e-01
623 7.50005e-01 8.51891e-01
624 7.41884e-01 8.68669e-01
625 7.40543e-01 8.58569e-01
626 7.44472e-01 8.58449e-01
627 7.67343e-01 8.73546e-01
628 7.38915e-01 8.71371e-01
629 7.36618e-01 8.45139e-01
630 7.53742e-01 8.67211e-01
631 7.53068e-01 8.66350e-01
632 7.46425e-01 8.67362e-01
633 7.31430e-01 8.71998e-01
634 7.38269e-01 8.64743e-01
635 7.46942e-01 8.67640e-01
636 7.43410e-01 8.47612e-01
637 7.42507e-01 8.39000e-01
638 7.40233e-01 8.62331e-01
639 7.43691e-01 8.71916e-01
640 7.35267e-01 8.69482e-01
641 7.55977e-01 8.64395e-01
642 7.38414e-01 8.56066e-01
643 7.36178e-01 8.52946e-01
644 7.30824e-01 8.65705e-01
645 7.39465e-01 8.55527e-01
646 7.56942e-01 8.63134e-01
647 7.36348e-01 8.65708e-01
648 7.31489e-01 8.61718e-01
649 7.53358e-01 8.56124e-01
650 7.48697e-01 8.75042e-01
651 7.34597e-01 8.52469e-01
652 7.29990e-01 8.53985e-01
653 7.47090e-01 8.55850e-01
654 7.35289e-01 8.58351e-01
655 7.36939e-01 8.49388e-01
656 7.28476e-01 8.80950e-01
657 7.42063e-01 8.85878e-01
658 7.49845e-01 8.58707e-01
659 7.50961e-01 8.55451e-01
660 7.32169e-01 8.62619e-01
661 7.46185e-01 8.54515e-01
662 7.28542e-01 8.66000e-01
663 7.30312e-01 8.45831e-01
664 7.55373e-01 8.57315e-01
665 7.43795e-01 8.56191e-01
666 7.37164e-01 8.44689e-01
667 7.43924e-01 8.53511e-01
668 7.38290e-01 8.64226e-01
669 7.26233e-01 8.63132e-01
670 7.15952e-01 8.63639e-01
671 7.36227e-01 8.76075e-01
672 7.50512e-01 8.51310e-01
673 7.40473e-01 8.82492e-01
674 7.22603e-01 8.50271e-01
675 7.46167e-01 8.58873e-01
676 7.52470e-01 8.61564e-01
677 7.34936e-01 8.57356e-01
678 7.25600e-01 8.73398e-01
679 7.31025e-01 8.70724e-01
680 7.49746e-01 8.61119e-01
681 7.35225e-01 8.67831e-01
682 7.25324e-01 8.65149e-01
683 7.42275e-01 8.49153e-01
684 7.41786e-01 8.62837e-01
685 7.49006e-01 8.64029e-01
686 7.29743e-01 8.58701e-01
687 7.39853e-01 8.68721e-01
688 7.28761e-01 8.71990e-01
689 7.39343e-01 8.61509e-01
690 7.29734e-01 8.69779e-01
691 7.17373e-01 8.72978e-01
692 7.34803e-01 8.74306e-01
693 7.24385e-01 8.65821e-01
694 7.24833e-01 8.69919e-01
695 7.28837e-01 8.77489e-01
696 7.16665e-01 8.76445e-01
697 7.40043e-01 8.65844e-01
698 7.53063e-01 8.58697e-01
699 7.35219e-01 8.75176e-01
700 7.33100e-01 8.76432e-01
701 7.21388e-01 8.68713e-01
702 7.24246e-01 8.59188e-01
703 7.34907e-01 8.71349e-01
704 7.34997e-01 8.68183e-01
705 7.23919e-01 8.70599e-01
706 7.27339e-01 8.67250e-01
707 7.27268e-01 8.86622e-01
708 7.37395e-01 8.61744e-01
709 7.24514e-01 8.57154e-01
710 7.28430e-01 8.50290e-01
711 7.33345e-01 8.61558e-01
712 7.29694e-01 8.73701e-01
713 7.35889e-01 8.57086e-01
714 7.23065e-01 8.58364e-01
715 7.31719e-01 8.79344e-01
716 7.24199e-01 8.82551e-01
717 7.45716e-01 9.06522e-01
718 7.28678e-01 8.77980e-01
719 7.35945e-01 8.87535e-01
720 7.32441e-01 8.69907e-01
721 7.23622e-01 8.79336e-01
722 7.36044e-01 8.83721e-01
723 7.26099e-01 8.66570e-01
724 7.24738e-01 8.64466e-01
725 7.24497e-01 8.82604e-01
726 7.30993e-01 8.64592e-01
727 7.21393e-01 8.86768e-01
728 7.46535e-01 8.91162e-01
729 7.39421e-01 8.67665e-01
730 7.25476e-01 8.64665e-01
731 7.32418e-01 8.52556e-01
732 7.13918e-01 8.78275e-01
733 7.33726e-01 8.72943e-01
734 7.35094e-01 8.70595e-01
735 7.22708e-01 8.70039e-01
736 7.23353e-01 8.75008e-01
737 7.12477e-01 8.72197e-01
738 7.24174e-01 8.70759e-01
739 7.14112e-01 8.83052e-01
740 7.08931e-01 8.73792e-01
741 7.33897e-01 8.60006e-01
742 7.17305e-01 8.79926e-01
743 7.19895e-01 8.55483e-01
744 7.24486e-01 8.84058e-01
745 7.21389e-01 8.69782e-01
746 7.26631e-01 8.93225e-01
747 7.17902e-01 8.76951e-01
748 7.25939e-01 8.56141e-01
749 7.32109e-01 8.76533e-01
750 7.27796e-01 8.59114e-01
751 7.22241e-01 8.71458e-01
752 7.18685e-01 8.85655e-01
753 7.29625e-01 8.73275e-01
754 7.15355e-01 8.77398e-01
755 7.30608e-01 8.75718e-01
756 7.27726e-01 8.83486e-01
757 7.19979e-01 8.73187e-01
758 7.15272e-01 8.81363e-01
759 7.20996e-01 8.62351e-01
760 7.08635e-01 8.96297e-01
761 7.28038e-01 8.74599e-01
762 7.19864e-01 8.90450e-01
763 7.14945e-01 8.69294e-01
764 7.16788e-01 8.70813e-01
765 7.16847e-01 9.14991e-01
766 7.29148e-01 8.71295e-01
767 7.28734e-01 8.74178e-01
768 7.12274e-01 8.76411e-01
769 7.00653e-01 9.03868e-01
770 7.23161e-01 8.77290e-01
771 7.13787e-01 8.89871e-01
772 7.00529e-01 8.86915e-01
773 7.19211e-01 8.71572e-01
774 7.20832e-01 8.84023e-01
775 7.18408e-01 8.87652e-01
776 7.24888e-01 8.90045e-01
777 7.29903e-01 8.70708e-01
778 7.09760e-01 8.80797e-01
779 7.18467e-01 8.99065e-01
780 7.33877e-01 8.78290e-01
781 7.13303e-01 8.77500e-01
782 7.14473e-01 8.78502e-01
783 7.14762e-01 8.70395e-01
784 7.12583e-01 8.81042e-01
785 7.08176e-01 8.72525e-01
786 7.21337e-01 8.95686e-01
787 7.12984e-01 8.78721e-01
788 7.19748e-01 8.64484e-01
789 7.13923e-01 8.85016e-01
790 7.13356e-01 8.87142e-01
791 7.21362e-01 8.78217e-01
792 7.16270e-01 8.74298e-01
793 7.21815e-01 8.89395e-01
794 7.09919e-01 8.79621e-01
795 7.28138e-01 8.84327e-01
796 7.09856e-01 8.77118e-01
797 6.93357e-01 8.81642e-01
798 7.08459e-01 8.67456e-01
799 7.11158e-01 8.74989e-01
800 7.06770e-01 8.74655e-01
801 7.06329e-01 8.85323e-01
802 7.26617e-01 8.76182e-01
803 7.00554e-01 8.76190e-01
804 7.13747e-01 8.96438e-01
805 7.12840e-01 8.95774e-01
806 7.08092e-01 8.83201e-01
807 7.17616e-01 9.28063e-01
808 7.29557e-01 8.67191e-01
809 7.21226e-01 8.99012e-01
810 7.25753e-01 8.63854e-01
811 7.12101e-01 8.96436e-01
812 7.22465e-01 8.99145e-01
813 7.28732e-01 8.91526e-01
814 7.17683e-01 8.87577e-01
815 7.11761e-01 8.81093e-01
816 7.01587e-01 8.73507e-01
817 7.07769e-01 8.90883e-01
818 7.14118e-01 8.90862e-01
819 7.06203e-01 9.01979e-01
820 7.22999e-01 8.96343e-01
821 7.02439e-01 8.82138e-01
822 7.11998e-01 8.77484e-01
823 7.21093e-01 8.67943e-01
824 7.14679e-01 8.75658e-01
825 6.99964e-01 8.90545e-01
826 7.07572e-01 9.03986e-01
827 7.04355e-01 8.91737e-01
828 6.99260e-01 8.84575e-01
829 7.06733e-01 8.85104e-01
830 7.22733e-01 8.81754e-01
831 7.06058e-01 8.79284e-01
832 7.15249e-01 8.70709e-01
833 7.04967e-01 8.96552e-01
834 7.09164e-01 8.87547e-01
835 7.37888e-01 8.76979e-01
836 7.11060e-01 8.89058e-01
837 6.98888e-01 9.19759e-01
838 7.13168e-01 8.81440e-01
839 7.05040e-01 8.83378e-01
840 7.01827e-01 9.03804e-01
841 7.28451e-01 9.13959e-01
842 6.93022e-01 9.15915e-01
843 6.99836e-01 9.10450e-01
844 6.95436e-01 8.88364e-01
845 7.08740e-01 8.84029e-01
846 6.96760e-01 8.71112e-01
847 7.11613e-01 9.04327e-01
848 7.18382e-01 8.92039e-01
849 7.08629e-01 9.07992e-01
850 7.09387e-01 8.93704e-01
851 7.05019e-01 9.10253e-01
852 7.03954e-01 8.92549e-01
853 7.11571e-01 8.72726e-01
854 7.00650e-01 8.83846e-01
855 7.15168e-01 8.73923e-01
856 7.08577e-01 8.65080e-01
857 7.03363e-01 8.58531e-01
858 7.06707e-01 8.85566e-01
859 7.01217e-01 8.70860e-01
860 6.95345e-01 8.83367e-01
861 7.18268e-01 8.92927e-01
862 6.97111e-01 8.84526e-01
863 6.94850e-01 8.96677e-01
864 7.03436e-01 9.12051e-01
865 7.03570e-01 9.00528e-01
866 7.01344e-01 8.89961e-01
867 6.99633e-01 9.12314e-01
868 7.03393e-01 8.85193e-01
869 7.11223e-01 9.01823e-01
870 7.05688e-01 9.02441e-01
871 6.93726e-01 9.14325e-01
872 6.93888e-01 9.16722e-01
873 7.07396e-01 9.02022e-01
874 6.93466e-01 8.92471e-01
875 7.05714e-01 8.96007e-01
876 7.18614e-01 8.93721e-01
877 7.07775e-01 8.94306e-01
878 6.99731e-01 8.87249e-01
879 6.89405e-01 8.91037e-01
880 6.95545e-01 9.06550e-01
881 7.05728e-01 8.78098e-01
882 7.04935e-01 8.77481e-01
883 7.07497e-01 8.84402e-01
884 7.00125e-01 8.82249e-01
885 7.05749e-01 8.84616e-01
886 7.07984e-01 8.75348e-01
887 6.93279e-01 8.67322e-01
888 6.84051e-01 8.91440e-01
889 6.89182e-01 8.75180e-01
890 6.82729e-01 8.74709e-01
891 6.94320e-01 9.12072e-01
892 7.07216e-01 8.91520e-01
893 7.08599e-01 8.93143e-01
894 6.78648e-01 8.93117e-01
895 7.07960e-01 8.97411e-01
896 6.95620e-01 8.82167e-01
897 6.95398e-01 8.98765e-01
898 6.96322e-01 8.93457e-01
899 6.84991e-01 8.86017e-01
900 6.90485e-01 9.00664e-01
901 7.01502e-01 9.06152e-01
902 7.03922e-01 8.94431e-01
903 6.84989e-01 8.94398e-01
904 6.99804e-01 9.13349e-01
905 6.89163e-01 9.12666e-01
906 6.92766e-01 8.89587e-01
907 6.90269e-01 8.84179e-01
908 6.98107e-01 8.80298e-01
909 6.87254e-01 8.79252e-01
910 6.97969e-01 8.90632e-01
911 7.02699e-01 8.82401e-01
912 6.96788e-01 8.82798e-01
913 6.94122e-01 8.89014e-01
914 6.95868e-01 8.93762e-01
915 6.90454e-01 8.97009e-01
916 7.09251e-01 8.79027e-01
917 6.97538e-01 8.93312e-01
918 7.09861e-01 8.87556e-01
919 6.79016e-01 8.83420e-01
920 6.91093e-01 8.90980e-01
921 6.82348e-01 9.09381e-01
922 7.01420e-01 9.00871e-01
923 6.90070e-01 8.98255e-01
924 6.89193e-01 8.80198e-01
925 6.90858e-01 9.12918e-01
926 7.12730e-01 8.96555e-01
927 6.93481e-01 8.73909e-01
928 6.96312e-01 9.02289e-01
929 6.98737e-01 9.00381e-01
930 6.67480e-01 9.19797e-01
931 6.89961e-01 9.09003e-01
932 7.07629e-01 8.86075e-01
933 6.89695e-01 9.03545e-01
934 6.88810e-01 9.23277e-01
935 6.81482e-01 9.09346e-01
936 6.93027e-01 9.01301e-01
937 6.79138e-01 9.03412e-01
938 6.83698e-01 8.93790e-01
939 6.95476e-01 8.87101e-01
940 6.77484e-01 8.91641e-01
941 6.94696e-01 8.96855e-01
942 6.87275e-01 8.98172e-01
943 6.77680e-01 8.87282e-01
944 6.79356e-01 9.01814e-01
945 6.92673e-01 8.97347e-01
946 6.83228e-01 8.94643e-01
947 6.74650e-01 9.12819e-01
948 6.83209e-01 8.99028e-01
949 6.86646e-01 9.10390e-01
950 7.06522e-01 8.99988e-01
951 6.88748e-01 9.07171e-01
952 6.88142e-01 8.75865e-01
953 6.78752e-01 8.92955e-01
954 6.89709e-01 8.88733e-01
955 6.92628e-01 8.87308e-01
956 6.88538e-01 9.01060e-01
957 6.85136e-01 9.19284e-01
958 6.70969e-01 9.02729e-01
959 6.96242e-01 8.83356e-01
960 6.83398e-01 9.13148e-01
961 6.79980e-01 8.93371e-01
962 6.84502e-01 8.93156e-01
963 6.78718e-01 9.07104e-01
964 6.86300e-01 8.91280e-01
965 6.85867e-01 8.88948e-01
966 6.91159e-01 8.99677e-01
967 6.93732e-01 8.94879e-01
968 6.80404e-01 8.96448e-01
969 6.78880e-01 8.87857e-01
970 6.88575e-01 8.97417e-01
971 6.90651e-01 8.80208e-01
972 6.84282e-01 8.91577e-01
973 6.78409e-01 9.03795e-01
974 6.83740e-01 8.90932e-01
975 6.84896e-01 9.14382e-01
976 6.92977e-01 9.04934e-01
977 6.90843e-01 8.80706e-01
978 6.76124e-01 8.86766e-01
979 6.80103e-01 8.97430e-01
980 6.82586e-01 8.99874e-01
981 7.02329e-01 8.98499e-01
982 7.00594e-01 9.13191e-01
983 6.92566e-01 8.93292e-01
984 6.83512e-01 8.97559e-01
985 6.77055e-01 9.01586e-01
986 6.87404e-01 8.88488e-01
987 6.83712e-01 8.93475e-01
988 6.70361e-01 9.11981e-01
989 6.96063e-01 8.92074e-01
990 6.71705e-01 9.00319e-01
991 6.78668e-01 9.06078e-01
992 6.83608e-01 9.21875e-01
993 6.95847e-01 8.95038e-01
994 6.73546e-01 8.97511e-01
995 6.76544e-01 9.09059e-01
996 7.00175e-01 8.85864e-01
997 6.92615e-01 9.13827e-01
998 6.99634e-01 8.88592e-01
999 6.83967e-01 9.20039e-01
