training dataset: fesc_test
seed = 5
umFeatures = 7
Feature List: SFRs, Mstars, masses, redshifts, fgases, min_dist, t_lookback
fluxSize = 4
batch_size = 256
epochs     = 1000
0 epoch  1 train loss  2 test loss
0 1.34928e+00 1.21133e+00
1 1.25122e+00 1.12772e+00
2 1.17772e+00 1.08107e+00
3 1.14546e+00 1.07195e+00
4 1.11383e+00 1.05968e+00
5 1.13926e+00 1.04436e+00
6 1.11764e+00 1.05012e+00
7 1.10020e+00 1.03874e+00
8 1.09066e+00 1.03759e+00
9 1.08928e+00 1.03556e+00
10 1.07042e+00 1.05213e+00
11 1.08784e+00 1.04497e+00
12 1.06408e+00 1.01654e+00
13 1.07026e+00 1.02270e+00
14 1.06049e+00 1.00862e+00
15 1.06221e+00 1.01961e+00
16 1.06073e+00 1.00710e+00
17 1.04262e+00 9.99089e-01
18 1.04977e+00 9.99732e-01
19 1.04546e+00 1.00404e+00
20 1.04670e+00 9.98250e-01
21 1.03530e+00 9.94872e-01
22 1.03166e+00 9.87175e-01
23 1.03802e+00 9.89245e-01
24 1.02927e+00 9.87295e-01
25 1.02303e+00 9.85206e-01
26 1.01042e+00 9.72786e-01
27 1.01730e+00 9.77193e-01
28 1.01158e+00 9.85652e-01
29 1.01218e+00 9.67761e-01
30 1.00967e+00 9.67061e-01
31 1.00058e+00 9.70962e-01
32 1.01575e+00 9.66435e-01
33 1.01221e+00 9.63543e-01
34 1.00439e+00 9.64800e-01
35 1.00403e+00 9.62517e-01
36 1.00043e+00 9.60473e-01
37 9.95719e-01 9.58116e-01
38 9.95993e-01 9.53123e-01
39 9.91591e-01 9.57354e-01
40 9.99653e-01 9.61596e-01
41 9.93635e-01 9.57014e-01
42 9.92500e-01 9.49156e-01
43 9.88452e-01 9.55785e-01
44 9.76317e-01 9.48630e-01
45 9.88057e-01 9.58787e-01
46 9.88290e-01 9.52676e-01
47 9.88990e-01 9.51765e-01
48 9.84050e-01 9.46724e-01
49 9.84782e-01 9.53992e-01
50 9.79763e-01 9.45782e-01
51 9.86425e-01 9.44773e-01
52 9.76789e-01 9.41104e-01
53 9.74894e-01 9.59276e-01
54 9.67160e-01 9.47667e-01
55 9.77515e-01 9.46971e-01
56 9.75921e-01 9.36745e-01
57 9.70040e-01 9.48350e-01
58 9.64892e-01 9.42423e-01
59 9.85050e-01 9.38197e-01
60 9.69065e-01 9.50971e-01
61 9.57883e-01 9.45309e-01
62 9.74890e-01 9.37550e-01
63 9.67088e-01 9.35790e-01
64 9.52311e-01 9.55347e-01
65 9.56112e-01 9.33423e-01
66 9.72893e-01 9.49206e-01
67 9.66498e-01 9.40074e-01
68 9.44197e-01 9.38515e-01
69 9.68930e-01 9.42844e-01
70 9.62570e-01 9.35372e-01
71 9.67953e-01 9.36866e-01
72 9.54065e-01 9.31158e-01
73 9.63299e-01 9.34830e-01
74 9.50898e-01 9.36283e-01
75 9.57301e-01 9.37685e-01
76 9.59858e-01 9.28365e-01
77 9.54464e-01 9.29401e-01
78 9.56534e-01 9.37468e-01
79 9.51671e-01 9.29112e-01
80 9.58336e-01 9.38990e-01
81 9.50475e-01 9.29182e-01
82 9.54107e-01 9.25924e-01
83 9.49916e-01 9.18263e-01
84 9.56980e-01 9.33938e-01
85 9.49432e-01 9.20314e-01
86 9.45172e-01 9.29391e-01
87 9.47533e-01 9.22164e-01
88 9.56936e-01 9.24526e-01
89 9.49676e-01 9.26529e-01
90 9.39192e-01 9.17769e-01
91 9.41907e-01 9.20081e-01
92 9.51772e-01 9.25759e-01
93 9.49228e-01 9.21865e-01
94 9.44711e-01 9.17515e-01
95 9.39235e-01 9.17686e-01
96 9.35984e-01 9.29765e-01
97 9.40528e-01 9.18903e-01
98 9.37268e-01 9.15566e-01
99 9.36986e-01 9.12471e-01
100 9.46619e-01 9.14720e-01
101 9.40631e-01 9.11380e-01
102 9.41779e-01 9.19400e-01
103 9.36825e-01 9.12366e-01
104 9.40999e-01 9.12062e-01
105 9.47864e-01 9.07885e-01
106 9.35425e-01 9.23494e-01
107 9.40998e-01 9.27393e-01
108 9.46202e-01 9.08448e-01
109 9.38056e-01 9.08917e-01
110 9.34324e-01 9.11790e-01
111 9.33242e-01 9.08543e-01
112 9.36376e-01 9.10391e-01
113 9.38140e-01 9.06395e-01
114 9.36307e-01 9.18232e-01
115 9.35464e-01 9.16781e-01
116 9.32373e-01 9.11299e-01
117 9.39438e-01 9.06570e-01
118 9.31032e-01 9.06937e-01
119 9.40478e-01 9.07622e-01
120 9.35402e-01 9.11583e-01
121 9.27020e-01 9.07329e-01
122 9.33567e-01 9.07881e-01
123 9.30585e-01 9.05909e-01
124 9.30521e-01 9.05786e-01
125 9.30161e-01 9.01629e-01
126 9.26855e-01 9.06216e-01
127 9.25699e-01 9.02820e-01
128 9.28438e-01 8.97519e-01
129 9.36098e-01 9.00316e-01
130 9.27640e-01 8.99780e-01
131 9.25307e-01 9.25164e-01
132 9.35034e-01 8.99632e-01
133 9.25174e-01 9.01679e-01
134 9.30128e-01 9.02279e-01
135 9.29891e-01 9.06055e-01
136 9.26872e-01 9.00019e-01
137 9.18007e-01 8.94346e-01
138 9.33259e-01 8.99649e-01
139 9.19931e-01 8.93675e-01
140 9.22613e-01 9.04227e-01
141 9.20588e-01 8.90170e-01
142 9.19480e-01 8.96080e-01
143 9.22032e-01 8.99123e-01
144 9.23521e-01 8.94382e-01
145 9.27166e-01 8.91747e-01
146 9.24504e-01 8.97489e-01
147 9.18770e-01 8.89948e-01
148 9.12996e-01 8.87483e-01
149 9.13865e-01 8.95650e-01
150 9.16887e-01 8.88173e-01
151 9.21094e-01 8.89448e-01
152 9.04597e-01 8.98525e-01
153 9.23885e-01 9.09365e-01
154 9.25840e-01 8.94014e-01
155 9.06560e-01 9.04701e-01
156 9.21558e-01 8.94397e-01
157 9.23002e-01 8.92250e-01
158 9.23759e-01 8.99329e-01
159 9.16491e-01 8.88998e-01
160 9.16012e-01 8.89477e-01
161 9.08698e-01 8.86937e-01
162 9.19597e-01 8.88744e-01
163 9.18111e-01 8.89623e-01
164 9.15902e-01 8.94493e-01
165 9.21276e-01 9.07776e-01
166 9.17935e-01 8.87809e-01
167 9.14239e-01 8.93836e-01
168 9.12584e-01 8.83855e-01
169 9.16288e-01 8.89141e-01
170 9.13339e-01 8.87420e-01
171 9.00667e-01 8.85920e-01
172 9.17532e-01 8.89240e-01
173 9.16135e-01 8.88161e-01
174 9.18720e-01 8.86790e-01
175 9.07633e-01 8.85958e-01
176 9.05855e-01 8.86673e-01
177 9.06120e-01 8.84677e-01
178 9.14494e-01 8.83362e-01
179 9.08183e-01 8.91020e-01
180 9.13660e-01 8.89087e-01
181 9.12739e-01 8.83999e-01
182 9.03722e-01 8.84091e-01
183 9.03996e-01 8.87646e-01
184 9.07169e-01 8.82818e-01
185 9.05528e-01 8.93211e-01
186 9.05848e-01 8.80788e-01
187 9.03854e-01 8.81839e-01
188 9.11991e-01 8.98645e-01
189 9.10214e-01 8.79133e-01
190 9.06618e-01 8.85393e-01
191 9.13147e-01 8.82885e-01
192 9.06009e-01 8.80356e-01
193 9.11826e-01 8.81347e-01
194 9.12218e-01 8.80892e-01
195 9.08833e-01 8.87754e-01
196 9.07725e-01 8.84684e-01
197 9.12318e-01 8.85444e-01
198 9.06335e-01 8.96893e-01
199 9.08631e-01 8.81879e-01
200 9.04063e-01 8.87096e-01
201 9.06256e-01 8.79260e-01
202 9.11087e-01 8.81629e-01
203 9.10227e-01 8.78465e-01
204 9.05810e-01 8.79400e-01
205 9.00786e-01 8.77043e-01
206 8.95983e-01 8.76284e-01
207 9.04341e-01 9.00813e-01
208 9.02682e-01 8.81475e-01
209 9.01179e-01 8.76520e-01
210 9.04874e-01 8.80459e-01
211 8.95383e-01 8.89210e-01
212 8.92070e-01 8.77939e-01
213 8.98668e-01 8.75271e-01
214 8.98255e-01 8.75683e-01
215 9.05317e-01 8.82225e-01
216 8.93131e-01 8.79373e-01
217 8.99279e-01 8.73660e-01
218 9.01647e-01 8.77129e-01
219 8.91022e-01 8.78901e-01
220 8.97785e-01 8.77357e-01
221 9.01333e-01 8.79648e-01
222 9.05465e-01 8.73022e-01
223 8.98094e-01 8.71458e-01
224 9.01215e-01 8.74793e-01
225 9.00864e-01 8.74374e-01
226 8.98977e-01 8.70212e-01
227 9.00903e-01 8.74950e-01
228 8.95911e-01 8.96163e-01
229 9.06172e-01 8.75594e-01
230 9.02830e-01 8.78274e-01
231 9.10262e-01 8.79743e-01
232 8.98631e-01 8.80006e-01
233 8.94008e-01 8.76965e-01
234 9.02876e-01 8.73861e-01
235 8.92711e-01 8.74767e-01
236 9.12338e-01 8.81033e-01
237 8.94940e-01 8.72679e-01
238 9.01821e-01 8.80253e-01
239 9.03242e-01 8.82651e-01
240 9.06053e-01 8.74053e-01
241 9.05263e-01 8.74149e-01
242 8.93590e-01 8.72511e-01
243 8.96478e-01 8.76966e-01
244 9.00085e-01 8.77420e-01
245 8.93542e-01 8.76582e-01
246 8.98572e-01 8.81918e-01
247 8.99270e-01 8.80674e-01
248 8.98758e-01 8.72502e-01
249 8.98156e-01 8.70627e-01
250 8.96971e-01 8.72717e-01
251 8.90345e-01 8.74228e-01
252 8.94479e-01 8.95608e-01
253 8.91893e-01 8.78007e-01
254 8.98681e-01 8.77798e-01
255 8.94279e-01 8.73787e-01
256 8.94059e-01 8.71163e-01
257 8.91376e-01 8.73176e-01
258 8.90892e-01 8.79780e-01
259 8.95877e-01 8.71591e-01
260 8.94130e-01 8.74053e-01
261 8.98585e-01 8.82602e-01
262 8.92783e-01 8.70538e-01
263 8.83971e-01 8.71071e-01
264 8.87559e-01 8.75118e-01
265 8.92161e-01 8.67238e-01
266 8.86840e-01 8.69737e-01
267 8.91381e-01 8.82135e-01
268 8.96759e-01 8.74249e-01
269 8.94527e-01 8.75082e-01
270 8.89297e-01 8.70322e-01
271 8.79940e-01 8.66737e-01
272 8.90943e-01 8.67293e-01
273 8.94335e-01 8.71644e-01
274 8.84054e-01 8.76309e-01
275 8.90665e-01 8.78545e-01
276 8.97879e-01 8.74565e-01
277 8.91037e-01 8.87183e-01
278 8.90835e-01 8.80796e-01
279 8.97068e-01 8.77939e-01
280 8.86757e-01 8.72737e-01
281 8.86712e-01 8.67114e-01
282 8.94005e-01 8.71240e-01
283 8.80337e-01 8.72695e-01
284 8.85812e-01 8.69462e-01
285 8.81525e-01 8.69560e-01
286 8.90345e-01 8.81173e-01
287 8.78310e-01 8.68792e-01
288 8.86904e-01 8.68348e-01
289 8.90726e-01 8.81962e-01
290 8.85537e-01 8.78343e-01
291 8.84832e-01 8.67116e-01
292 8.89285e-01 8.68726e-01
293 8.90774e-01 8.78731e-01
294 8.91063e-01 8.71219e-01
295 8.90053e-01 8.65510e-01
296 8.90308e-01 8.74528e-01
297 8.91185e-01 8.77172e-01
298 9.03441e-01 8.76128e-01
299 8.92710e-01 8.70967e-01
300 8.81925e-01 8.87002e-01
301 8.88686e-01 8.69050e-01
302 8.93087e-01 8.73662e-01
303 8.80867e-01 8.67500e-01
304 8.88653e-01 8.68610e-01
305 8.81639e-01 8.67539e-01
306 8.78201e-01 8.70470e-01
307 8.90738e-01 8.67133e-01
308 8.81435e-01 8.69580e-01
309 8.76631e-01 8.65885e-01
310 8.84452e-01 8.70153e-01
311 8.85972e-01 8.67502e-01
312 8.83100e-01 8.66114e-01
313 8.82837e-01 8.66733e-01
314 8.77315e-01 8.74460e-01
315 8.88891e-01 8.73069e-01
316 8.84090e-01 8.63962e-01
317 8.85392e-01 8.62011e-01
318 8.83266e-01 8.65334e-01
319 8.84626e-01 8.64181e-01
320 8.86881e-01 8.65862e-01
321 8.77083e-01 8.62928e-01
322 8.82804e-01 8.66540e-01
323 8.78816e-01 8.67301e-01
324 8.89343e-01 8.73417e-01
325 8.79961e-01 8.72447e-01
326 8.86470e-01 8.66411e-01
327 8.84847e-01 8.67305e-01
328 8.79505e-01 8.62838e-01
329 8.82553e-01 8.73356e-01
330 8.77759e-01 8.68133e-01
331 8.87993e-01 8.78930e-01
332 8.95765e-01 8.74970e-01
333 8.83226e-01 8.67808e-01
334 8.77889e-01 8.67234e-01
335 8.83310e-01 8.64202e-01
336 8.81331e-01 8.66679e-01
337 8.84322e-01 8.64838e-01
338 8.81194e-01 8.64137e-01
339 8.73620e-01 8.68007e-01
340 8.76264e-01 8.77505e-01
341 8.74089e-01 8.67305e-01
342 8.84586e-01 8.66550e-01
343 8.80922e-01 8.69497e-01
344 8.74469e-01 8.70190e-01
345 8.78079e-01 8.64920e-01
346 8.78459e-01 8.66370e-01
347 8.82634e-01 8.68045e-01
348 8.70628e-01 8.65734e-01
349 8.72382e-01 8.65661e-01
350 8.79555e-01 8.78184e-01
351 8.74595e-01 8.66515e-01
352 8.77317e-01 8.60980e-01
353 8.78984e-01 8.63116e-01
354 8.82157e-01 8.68293e-01
355 8.80960e-01 8.62987e-01
356 8.83163e-01 8.62360e-01
357 8.75427e-01 8.63974e-01
358 8.85514e-01 8.63767e-01
359 8.73958e-01 8.69910e-01
360 8.70268e-01 8.79891e-01
361 8.83359e-01 8.61643e-01
362 8.77923e-01 8.65808e-01
363 8.75117e-01 8.62687e-01
364 8.82596e-01 8.65238e-01
365 8.76741e-01 8.66540e-01
366 8.79191e-01 8.62388e-01
367 8.73844e-01 8.67178e-01
368 8.74969e-01 8.72036e-01
369 8.71657e-01 8.63692e-01
370 8.78891e-01 8.71326e-01
371 8.74510e-01 8.62255e-01
372 8.63610e-01 8.70287e-01
373 8.67945e-01 8.63502e-01
374 8.89411e-01 8.62075e-01
375 8.76267e-01 8.61623e-01
376 8.66877e-01 8.63228e-01
377 8.76009e-01 8.67420e-01
378 8.76126e-01 8.64292e-01
379 8.76623e-01 8.65896e-01
380 8.74271e-01 8.63261e-01
381 8.73715e-01 8.60753e-01
382 8.75877e-01 8.60989e-01
383 8.73158e-01 8.66236e-01
384 8.76721e-01 8.69417e-01
385 8.73835e-01 8.59074e-01
386 8.71098e-01 8.62796e-01
387 8.74940e-01 8.67963e-01
388 8.68449e-01 8.64175e-01
389 8.70732e-01 8.64910e-01
390 8.73039e-01 8.85353e-01
391 8.80126e-01 8.70432e-01
392 8.67949e-01 8.64886e-01
393 8.77684e-01 8.62227e-01
394 8.73782e-01 8.70317e-01
395 8.71015e-01 8.57033e-01
396 8.79702e-01 8.62396e-01
397 8.74219e-01 8.65586e-01
398 8.67407e-01 8.65716e-01
399 8.60467e-01 8.59266e-01
400 8.79164e-01 8.62832e-01
401 8.71614e-01 8.59466e-01
402 8.61895e-01 8.62483e-01
403 8.68880e-01 8.61354e-01
404 8.63273e-01 8.66224e-01
405 8.71286e-01 8.56273e-01
406 8.72703e-01 8.65869e-01
407 8.70118e-01 8.59233e-01
408 8.66298e-01 8.65290e-01
409 8.67340e-01 8.61446e-01
410 8.65057e-01 8.60220e-01
411 8.66595e-01 8.65908e-01
412 8.76609e-01 8.61293e-01
413 8.66838e-01 8.60254e-01
414 8.83279e-01 8.62168e-01
415 8.67687e-01 8.70819e-01
416 8.70701e-01 8.56646e-01
417 8.67449e-01 8.55675e-01
418 8.58481e-01 8.62904e-01
419 8.65019e-01 8.57713e-01
420 8.77439e-01 8.66228e-01
421 8.71786e-01 8.70249e-01
422 8.72070e-01 8.59418e-01
423 8.72120e-01 8.57197e-01
424 8.60783e-01 8.57717e-01
425 8.64126e-01 8.57053e-01
426 8.67259e-01 8.61471e-01
427 8.61350e-01 8.61502e-01
428 8.65348e-01 8.58600e-01
429 8.75624e-01 8.59585e-01
430 8.57637e-01 8.55050e-01
431 8.69038e-01 8.61086e-01
432 8.70894e-01 8.66993e-01
433 8.59679e-01 8.78278e-01
434 8.73255e-01 8.61692e-01
435 8.66779e-01 8.61050e-01
436 8.61080e-01 8.61058e-01
437 8.65260e-01 8.60251e-01
438 8.67711e-01 8.65618e-01
439 8.73153e-01 8.62154e-01
440 8.66019e-01 8.57519e-01
441 8.64020e-01 8.57319e-01
442 8.64417e-01 8.58499e-01
443 8.66072e-01 8.67918e-01
444 8.66876e-01 8.55732e-01
445 8.67117e-01 8.59164e-01
446 8.68215e-01 8.60235e-01
447 8.60795e-01 8.54808e-01
448 8.60000e-01 8.66874e-01
449 8.60330e-01 8.55924e-01
450 8.61077e-01 8.63887e-01
451 8.57486e-01 8.59460e-01
452 8.63410e-01 8.58419e-01
453 8.55457e-01 8.56386e-01
454 8.58434e-01 8.61185e-01
455 8.56712e-01 8.53647e-01
456 8.60957e-01 8.54054e-01
457 8.61266e-01 8.64726e-01
458 8.63777e-01 8.54285e-01
459 8.58804e-01 8.56184e-01
460 8.54582e-01 8.49277e-01
461 8.58600e-01 8.66300e-01
462 8.50031e-01 8.54937e-01
463 8.59929e-01 8.54791e-01
464 8.63759e-01 8.51063e-01
465 8.58772e-01 8.56598e-01
466 8.69267e-01 8.61554e-01
467 8.50569e-01 8.55271e-01
468 8.60035e-01 8.58989e-01
469 8.69422e-01 8.61007e-01
470 8.53637e-01 8.52102e-01
471 8.60319e-01 8.54903e-01
472 8.58901e-01 8.55946e-01
473 8.62101e-01 8.62992e-01
474 8.58621e-01 8.66926e-01
475 8.59365e-01 8.61716e-01
476 8.63820e-01 8.58947e-01
477 8.57328e-01 8.53956e-01
478 8.53410e-01 8.52009e-01
479 8.48913e-01 8.57177e-01
480 8.56947e-01 8.66186e-01
481 8.51145e-01 8.57245e-01
482 8.69623e-01 8.51384e-01
483 8.54557e-01 8.54477e-01
484 8.56601e-01 8.57557e-01
485 8.52014e-01 8.49337e-01
486 8.59205e-01 8.53275e-01
487 8.53138e-01 8.54766e-01
488 8.50858e-01 8.52314e-01
489 8.62273e-01 8.57535e-01
490 8.51244e-01 8.46870e-01
491 8.59773e-01 8.50443e-01
492 8.54341e-01 8.47833e-01
493 8.50437e-01 8.49863e-01
494 8.53647e-01 8.44191e-01
495 8.54631e-01 8.51373e-01
496 8.50669e-01 8.57618e-01
497 8.55690e-01 8.48319e-01
498 8.50948e-01 8.59286e-01
499 8.56016e-01 8.54285e-01
500 8.46799e-01 8.56287e-01
501 8.41538e-01 8.46975e-01
502 8.56314e-01 8.49087e-01
503 8.54842e-01 8.55545e-01
504 8.52504e-01 8.52707e-01
505 8.59597e-01 8.50670e-01
506 8.60341e-01 8.51696e-01
507 8.53033e-01 8.48525e-01
508 8.45232e-01 8.56801e-01
509 8.59149e-01 8.46846e-01
510 8.57329e-01 8.52277e-01
511 8.46451e-01 8.53780e-01
512 8.52679e-01 8.45347e-01
513 8.53322e-01 8.51810e-01
514 8.51998e-01 8.50876e-01
515 8.50338e-01 8.51595e-01
516 8.53830e-01 8.44691e-01
517 8.50056e-01 8.54332e-01
518 8.47143e-01 8.46881e-01
519 8.46165e-01 8.49578e-01
520 8.45002e-01 8.50662e-01
521 8.45191e-01 8.55294e-01
522 8.56538e-01 8.61464e-01
523 8.52414e-01 8.45987e-01
524 8.47875e-01 8.44175e-01
525 8.43998e-01 8.46838e-01
526 8.48404e-01 8.43578e-01
527 8.41031e-01 8.45627e-01
528 8.44525e-01 8.46913e-01
529 8.54259e-01 8.54910e-01
530 8.41630e-01 8.57555e-01
531 8.57647e-01 8.47260e-01
532 8.39323e-01 8.49037e-01
533 8.45596e-01 8.45256e-01
534 8.47518e-01 8.50253e-01
535 8.46300e-01 8.57208e-01
536 8.53309e-01 8.49317e-01
537 8.51668e-01 8.53680e-01
538 8.45296e-01 8.51009e-01
539 8.35566e-01 8.49196e-01
540 8.55058e-01 8.50897e-01
541 8.40413e-01 8.51048e-01
542 8.48502e-01 8.53651e-01
543 8.48821e-01 8.53329e-01
544 8.45278e-01 8.48990e-01
545 8.48865e-01 8.52165e-01
546 8.40218e-01 8.47220e-01
547 8.40407e-01 8.51076e-01
548 8.53726e-01 8.45929e-01
549 8.46785e-01 8.51106e-01
550 8.49686e-01 8.49686e-01
551 8.29187e-01 8.43679e-01
552 8.48799e-01 8.45638e-01
553 8.43485e-01 8.53897e-01
554 8.47794e-01 8.42767e-01
555 8.51405e-01 8.46465e-01
556 8.36012e-01 8.49799e-01
557 8.47168e-01 8.41672e-01
558 8.42982e-01 8.48745e-01
559 8.51120e-01 8.49098e-01
560 8.50250e-01 8.42135e-01
561 8.33022e-01 8.48808e-01
562 8.47650e-01 8.46714e-01
563 8.42769e-01 8.43859e-01
564 8.42388e-01 8.43115e-01
565 8.38796e-01 8.42808e-01
566 8.46983e-01 8.48416e-01
567 8.46829e-01 8.48065e-01
568 8.50015e-01 8.45166e-01
569 8.34367e-01 8.49111e-01
570 8.42632e-01 8.53003e-01
571 8.46390e-01 8.53369e-01
572 8.42021e-01 8.45678e-01
573 8.40797e-01 8.39931e-01
574 8.48236e-01 8.53078e-01
575 8.43480e-01 8.49121e-01
576 8.33839e-01 8.49267e-01
577 8.38439e-01 8.41492e-01
578 8.45535e-01 8.47748e-01
579 8.45684e-01 8.48844e-01
580 8.42989e-01 8.52594e-01
581 8.35584e-01 8.45762e-01
582 8.34609e-01 8.49865e-01
583 8.47348e-01 8.41685e-01
584 8.40051e-01 8.39106e-01
585 8.48340e-01 8.43509e-01
586 8.35827e-01 8.46954e-01
587 8.44526e-01 8.49772e-01
588 8.41210e-01 8.45075e-01
589 8.34206e-01 8.48714e-01
590 8.38875e-01 8.50008e-01
591 8.47106e-01 8.51540e-01
592 8.47869e-01 8.43420e-01
593 8.35218e-01 8.38446e-01
594 8.44304e-01 8.41925e-01
595 8.34089e-01 8.43811e-01
596 8.36117e-01 8.45625e-01
597 8.40094e-01 8.49324e-01
598 8.37451e-01 8.47961e-01
599 8.36632e-01 8.44244e-01
600 8.30617e-01 8.41843e-01
601 8.40308e-01 8.45435e-01
602 8.31111e-01 8.52301e-01
603 8.36971e-01 8.39854e-01
604 8.38726e-01 8.42896e-01
605 8.36667e-01 8.46670e-01
606 8.39167e-01 8.40829e-01
607 8.44262e-01 8.50381e-01
608 8.38360e-01 8.46607e-01
609 8.32410e-01 8.47575e-01
610 8.35136e-01 8.43335e-01
611 8.34042e-01 8.41752e-01
612 8.38277e-01 8.40197e-01
613 8.35260e-01 8.38834e-01
614 8.36302e-01 8.42763e-01
615 8.29286e-01 8.40293e-01
616 8.34750e-01 8.47061e-01
617 8.24924e-01 8.44177e-01
618 8.38269e-01 8.46963e-01
619 8.38611e-01 8.48080e-01
620 8.37079e-01 8.44019e-01
621 8.29770e-01 8.42219e-01
622 8.27777e-01 8.43005e-01
623 8.31785e-01 8.46073e-01
624 8.47224e-01 8.45308e-01
625 8.34370e-01 8.50436e-01
626 8.37044e-01 8.46049e-01
627 8.33894e-01 8.39933e-01
628 8.36290e-01 8.43192e-01
629 8.41030e-01 8.43616e-01
630 8.38806e-01 8.43042e-01
631 8.27795e-01 8.40915e-01
632 8.32184e-01 8.38407e-01
633 8.21233e-01 8.37844e-01
634 8.38145e-01 8.45288e-01
635 8.23574e-01 8.39441e-01
636 8.34423e-01 8.39430e-01
637 8.30537e-01 8.39368e-01
638 8.37497e-01 8.48127e-01
639 8.28027e-01 8.37842e-01
640 8.35726e-01 8.43227e-01
641 8.36953e-01 8.39061e-01
642 8.34731e-01 8.42156e-01
643 8.27267e-01 8.44359e-01
644 8.24148e-01 8.45523e-01
645 8.45748e-01 8.45153e-01
646 8.29625e-01 8.52883e-01
647 8.34860e-01 8.45277e-01
648 8.39047e-01 8.37221e-01
649 8.29856e-01 8.37892e-01
650 8.35786e-01 8.45653e-01
651 8.29467e-01 8.42247e-01
652 8.30950e-01 8.45114e-01
653 8.21999e-01 8.50882e-01
654 8.37097e-01 8.42897e-01
655 8.33097e-01 8.42907e-01
656 8.32789e-01 8.42832e-01
657 8.32553e-01 8.41503e-01
658 8.34392e-01 8.38048e-01
659 8.26392e-01 8.46530e-01
660 8.35450e-01 8.34412e-01
661 8.26271e-01 8.45167e-01
662 8.25643e-01 8.52727e-01
663 8.22661e-01 8.52442e-01
664 8.32147e-01 8.44935e-01
665 8.30111e-01 8.40501e-01
666 8.37792e-01 8.46943e-01
667 8.24336e-01 8.36914e-01
668 8.28240e-01 8.41554e-01
669 8.28308e-01 8.42969e-01
670 8.26667e-01 8.39804e-01
671 8.33852e-01 8.45977e-01
672 8.27565e-01 8.42174e-01
673 8.25752e-01 8.48145e-01
674 8.28586e-01 8.37528e-01
675 8.28471e-01 8.40590e-01
676 8.32186e-01 8.43047e-01
677 8.23662e-01 8.35656e-01
678 8.38232e-01 8.32127e-01
679 8.26460e-01 8.39906e-01
680 8.25645e-01 8.38868e-01
681 8.25950e-01 8.42640e-01
682 8.24022e-01 8.38040e-01
683 8.25367e-01 8.39442e-01
684 8.29068e-01 8.40472e-01
685 8.17798e-01 8.30580e-01
686 8.28022e-01 8.37639e-01
687 8.26361e-01 8.37967e-01
688 8.24696e-01 8.32572e-01
689 8.33801e-01 8.35067e-01
690 8.24072e-01 8.40451e-01
691 8.28107e-01 8.48452e-01
692 8.27305e-01 8.36202e-01
693 8.30044e-01 8.44157e-01
694 8.21785e-01 8.38474e-01
695 8.18210e-01 8.38683e-01
696 8.34048e-01 8.44522e-01
697 8.21733e-01 8.41104e-01
698 8.25422e-01 8.35482e-01
699 8.20859e-01 8.42325e-01
700 8.20838e-01 8.39730e-01
701 8.26190e-01 8.47676e-01
702 8.18756e-01 8.44601e-01
703 8.21370e-01 8.42858e-01
704 8.32205e-01 8.37247e-01
705 8.23974e-01 8.43596e-01
706 8.11969e-01 8.48605e-01
707 8.28770e-01 8.38572e-01
708 8.28972e-01 8.46050e-01
709 8.21901e-01 8.40150e-01
710 8.26595e-01 8.41655e-01
711 8.25122e-01 8.46030e-01
712 8.22795e-01 8.39827e-01
713 8.28763e-01 8.42085e-01
714 8.22579e-01 8.37911e-01
715 8.22408e-01 8.37907e-01
716 8.15273e-01 8.39786e-01
717 8.24012e-01 8.43786e-01
718 8.23720e-01 8.41473e-01
719 8.23658e-01 8.38884e-01
720 8.26548e-01 8.35821e-01
721 8.10980e-01 8.33582e-01
722 8.20575e-01 8.41157e-01
723 8.17666e-01 8.37451e-01
724 8.12666e-01 8.33384e-01
725 8.21422e-01 8.38482e-01
726 8.07611e-01 8.31411e-01
727 8.16239e-01 8.42396e-01
728 8.16664e-01 8.37506e-01
729 8.20196e-01 8.44641e-01
730 8.22629e-01 8.37117e-01
731 8.12758e-01 8.34937e-01
732 8.12996e-01 8.39263e-01
733 8.27359e-01 8.35333e-01
734 8.18201e-01 8.34770e-01
735 8.25334e-01 8.40762e-01
736 8.16523e-01 8.42242e-01
737 8.18790e-01 8.37688e-01
738 8.16875e-01 8.38598e-01
739 8.06443e-01 8.37033e-01
740 8.17880e-01 8.39555e-01
741 8.13156e-01 8.43290e-01
742 8.07582e-01 8.41608e-01
743 8.15602e-01 8.39089e-01
744 8.14652e-01 8.41366e-01
745 8.17622e-01 8.34159e-01
746 8.14035e-01 8.34543e-01
747 8.21192e-01 8.37699e-01
748 8.12452e-01 8.45680e-01
749 8.09912e-01 8.39425e-01
750 8.14932e-01 8.43480e-01
751 8.14961e-01 8.34695e-01
752 8.20728e-01 8.46549e-01
753 8.11916e-01 8.48206e-01
754 8.24472e-01 8.40087e-01
755 8.14434e-01 8.34703e-01
756 8.10034e-01 8.33792e-01
757 8.20370e-01 8.35624e-01
758 8.14363e-01 8.33454e-01
759 8.18361e-01 8.39679e-01
760 8.02802e-01 8.33715e-01
761 8.09263e-01 8.32090e-01
762 8.10954e-01 8.45122e-01
763 8.14835e-01 8.32245e-01
764 8.06439e-01 8.41734e-01
765 8.08262e-01 8.33729e-01
766 8.15416e-01 8.32916e-01
767 8.10449e-01 8.38981e-01
768 8.11273e-01 8.40416e-01
769 8.21825e-01 8.38603e-01
770 8.16421e-01 8.38786e-01
771 8.08823e-01 8.33232e-01
772 8.10325e-01 8.39276e-01
773 8.25647e-01 8.52832e-01
774 8.11180e-01 8.39630e-01
775 8.10728e-01 8.35888e-01
776 8.09372e-01 8.33104e-01
777 8.13553e-01 8.34673e-01
778 8.08225e-01 8.30951e-01
779 8.15935e-01 8.33500e-01
780 8.05576e-01 8.37412e-01
781 8.14546e-01 8.31942e-01
782 8.14215e-01 8.34770e-01
783 7.96638e-01 8.37912e-01
784 8.08654e-01 8.37179e-01
785 8.14686e-01 8.29009e-01
786 8.13720e-01 8.37445e-01
787 8.08017e-01 8.37039e-01
788 8.00551e-01 8.36769e-01
789 8.12156e-01 8.42329e-01
790 8.04973e-01 8.30475e-01
791 8.18612e-01 8.30659e-01
792 8.07289e-01 8.44534e-01
793 8.10633e-01 8.35733e-01
794 8.12275e-01 8.37954e-01
795 8.05691e-01 8.43226e-01
796 8.19059e-01 8.40062e-01
797 8.23516e-01 8.40205e-01
798 8.09640e-01 8.37240e-01
799 8.00909e-01 8.39097e-01
800 8.13192e-01 8.43033e-01
801 8.16375e-01 8.34611e-01
802 8.13075e-01 8.43068e-01
803 7.94312e-01 8.38707e-01
804 8.12321e-01 8.39134e-01
805 8.11599e-01 8.36687e-01
806 8.12797e-01 8.40358e-01
807 8.04249e-01 8.34133e-01
808 8.01460e-01 8.49155e-01
809 8.07118e-01 8.43239e-01
810 7.97554e-01 8.31898e-01
811 7.99295e-01 8.35150e-01
812 8.08166e-01 8.45057e-01
813 8.03701e-01 8.37870e-01
814 8.01083e-01 8.35021e-01
815 8.03615e-01 8.42436e-01
816 8.04922e-01 8.41592e-01
817 8.09841e-01 8.39222e-01
818 8.03129e-01 8.44251e-01
819 8.18893e-01 8.33661e-01
820 8.04222e-01 8.40864e-01
821 8.03239e-01 8.32671e-01
822 8.12305e-01 8.40750e-01
823 8.06464e-01 8.40455e-01
824 8.07834e-01 8.38209e-01
825 8.05046e-01 8.34978e-01
826 8.07253e-01 8.36292e-01
827 8.06045e-01 8.40940e-01
828 8.05677e-01 8.40480e-01
829 8.17645e-01 8.48610e-01
830 8.01663e-01 8.35849e-01
831 8.09116e-01 8.42251e-01
832 7.96662e-01 8.41644e-01
833 8.02478e-01 8.43166e-01
834 8.04048e-01 8.29884e-01
835 8.09863e-01 8.37936e-01
836 8.04533e-01 8.38741e-01
837 8.06236e-01 8.28253e-01
838 7.99512e-01 8.32778e-01
839 8.06773e-01 8.32490e-01
840 8.09340e-01 8.39640e-01
841 7.96544e-01 8.39625e-01
842 7.98991e-01 8.35754e-01
843 7.83203e-01 8.37963e-01
844 8.06126e-01 8.38702e-01
845 8.05768e-01 8.35438e-01
846 7.99850e-01 8.31613e-01
847 8.09514e-01 8.33901e-01
848 7.95850e-01 8.31261e-01
849 8.05948e-01 8.40017e-01
850 8.06921e-01 8.40598e-01
851 8.07558e-01 8.39286e-01
852 8.07194e-01 8.43895e-01
853 8.06488e-01 8.38669e-01
854 8.08936e-01 8.34997e-01
855 8.05582e-01 8.30993e-01
856 7.98771e-01 8.46756e-01
857 7.98720e-01 8.34344e-01
858 8.09502e-01 8.58541e-01
859 8.15084e-01 8.34542e-01
860 8.03867e-01 8.46280e-01
861 8.02652e-01 8.37989e-01
862 8.07079e-01 8.33475e-01
863 7.97020e-01 8.41873e-01
864 8.04807e-01 8.33111e-01
865 8.00314e-01 8.31310e-01
866 7.93209e-01 8.41005e-01
867 7.92948e-01 8.41341e-01
868 7.98698e-01 8.32448e-01
869 8.13603e-01 8.34265e-01
870 8.03843e-01 8.31975e-01
871 7.88130e-01 8.44582e-01
872 8.14027e-01 8.30086e-01
873 7.92910e-01 8.39768e-01
874 7.95950e-01 8.45515e-01
875 7.95582e-01 8.33063e-01
876 8.05859e-01 8.33759e-01
877 8.01036e-01 8.34671e-01
878 8.04816e-01 8.32141e-01
879 7.95817e-01 8.32558e-01
880 8.05661e-01 8.29200e-01
881 7.95520e-01 8.34321e-01
882 7.92132e-01 8.37938e-01
883 7.96758e-01 8.37552e-01
884 7.97137e-01 8.42252e-01
885 7.93728e-01 8.39206e-01
886 7.97306e-01 8.44596e-01
887 7.90652e-01 8.44519e-01
888 7.97524e-01 8.44765e-01
889 8.00653e-01 8.38810e-01
890 8.09657e-01 8.42789e-01
891 7.86614e-01 8.37342e-01
892 7.92369e-01 8.42286e-01
893 8.02573e-01 8.43932e-01
894 7.97399e-01 8.43088e-01
895 8.08489e-01 8.40494e-01
896 7.90166e-01 8.39541e-01
897 8.00512e-01 8.40944e-01
898 7.82140e-01 8.34502e-01
899 8.03782e-01 8.35770e-01
900 7.95675e-01 8.40713e-01
901 7.88742e-01 8.33432e-01
902 7.93186e-01 8.32950e-01
903 7.87145e-01 8.38082e-01
904 7.94902e-01 8.35409e-01
905 7.92486e-01 8.35488e-01
906 7.95932e-01 8.46692e-01
907 8.01980e-01 8.31760e-01
908 7.92658e-01 8.35209e-01
909 7.93540e-01 8.40784e-01
910 7.92035e-01 8.42942e-01
911 7.91461e-01 8.35182e-01
912 7.93387e-01 8.42442e-01
913 8.05763e-01 8.35765e-01
914 7.94915e-01 8.37951e-01
915 7.94080e-01 8.31180e-01
916 8.02519e-01 8.38508e-01
917 8.03520e-01 8.29012e-01
918 8.01290e-01 8.42523e-01
919 7.96820e-01 8.36127e-01
920 7.98166e-01 8.40499e-01
921 7.96788e-01 8.40549e-01
922 8.01442e-01 8.41869e-01
923 7.90098e-01 8.34645e-01
924 7.86573e-01 8.32457e-01
925 7.99407e-01 8.42184e-01
926 7.82175e-01 8.41288e-01
927 7.96323e-01 8.36507e-01
928 7.90691e-01 8.41255e-01
929 8.00177e-01 8.35945e-01
930 7.84501e-01 8.39464e-01
931 7.96713e-01 8.37802e-01
932 8.03199e-01 8.34391e-01
933 7.88041e-01 8.31550e-01
934 7.89488e-01 8.33103e-01
935 8.01233e-01 8.34583e-01
936 7.87353e-01 8.39486e-01
937 7.91672e-01 8.45632e-01
938 8.04621e-01 8.31802e-01
939 8.06215e-01 8.40079e-01
940 7.91368e-01 8.38080e-01
941 7.90324e-01 8.34530e-01
942 7.93482e-01 8.35345e-01
943 7.92602e-01 8.36954e-01
944 7.87606e-01 8.33427e-01
945 8.00904e-01 8.37970e-01
946 7.78944e-01 8.34214e-01
947 7.92161e-01 8.36020e-01
948 7.86819e-01 8.39247e-01
949 8.08739e-01 8.38078e-01
950 7.91881e-01 8.40286e-01
951 7.72899e-01 8.37696e-01
952 7.84844e-01 8.44157e-01
953 7.84036e-01 8.32042e-01
954 7.84075e-01 8.35534e-01
955 7.90276e-01 8.38378e-01
956 7.89826e-01 8.39098e-01
957 7.88322e-01 8.39619e-01
958 7.91158e-01 8.36398e-01
959 7.95853e-01 8.34958e-01
960 7.93429e-01 8.35246e-01
961 7.85782e-01 8.36479e-01
962 7.86649e-01 8.40643e-01
963 7.84231e-01 8.42778e-01
964 7.79805e-01 8.48388e-01
965 7.84938e-01 8.34031e-01
966 7.98483e-01 8.43535e-01
967 7.92618e-01 8.32146e-01
968 7.95716e-01 8.34795e-01
969 7.79625e-01 8.37614e-01
970 7.92439e-01 8.58169e-01
971 7.83184e-01 8.35628e-01
972 7.95363e-01 8.38294e-01
973 7.90235e-01 8.39239e-01
974 7.90533e-01 8.41259e-01
975 7.85416e-01 8.37928e-01
976 7.93192e-01 8.39051e-01
977 7.83913e-01 8.41007e-01
978 7.84754e-01 8.43350e-01
979 7.77836e-01 8.46298e-01
980 7.90902e-01 8.36638e-01
981 7.90149e-01 8.46056e-01
982 7.85410e-01 8.34671e-01
983 7.91802e-01 8.40383e-01
984 7.93960e-01 8.37768e-01
985 7.74323e-01 8.38346e-01
986 7.89600e-01 8.36257e-01
987 7.92082e-01 8.45919e-01
988 7.95366e-01 8.46604e-01
989 7.83447e-01 8.41132e-01
990 7.86978e-01 8.43356e-01
991 7.93229e-01 8.42632e-01
992 7.85342e-01 8.41485e-01
993 7.87895e-01 8.41047e-01
994 7.96251e-01 8.34255e-01
995 7.91351e-01 8.34401e-01
996 7.76521e-01 8.31382e-01
997 7.88203e-01 8.32540e-01
998 7.89101e-01 8.35935e-01
999 7.80341e-01 8.36916e-01
