training dataset: fesc_test
seed = 5
umFeatures = 7
Feature List: SFRs, Mstars, masses, redshifts, fgases, min_dist, t_lookback
fluxSize = 4
batch_size = 256
epochs     = 1000
0 epoch  1 train loss  2 test loss
0 1.77149e+00 1.24871e+00
1 1.48223e+00 1.14937e+00
2 1.37400e+00 1.10100e+00
3 1.32254e+00 1.08315e+00
4 1.25453e+00 1.07593e+00
5 1.23041e+00 1.06727e+00
6 1.22187e+00 1.07738e+00
7 1.18430e+00 1.06669e+00
8 1.14212e+00 1.05925e+00
9 1.14598e+00 1.04720e+00
10 1.13256e+00 1.04662e+00
11 1.13526e+00 1.04420e+00
12 1.12239e+00 1.04490e+00
13 1.10652e+00 1.04063e+00
14 1.11259e+00 1.04116e+00
15 1.10090e+00 1.03876e+00
16 1.09909e+00 1.03520e+00
17 1.08432e+00 1.02756e+00
18 1.08682e+00 1.03257e+00
19 1.08416e+00 1.02606e+00
20 1.08786e+00 1.02591e+00
21 1.06713e+00 1.02726e+00
22 1.07373e+00 1.02336e+00
23 1.08144e+00 1.03120e+00
24 1.06754e+00 1.02793e+00
25 1.07248e+00 1.02193e+00
26 1.06357e+00 1.01982e+00
27 1.06049e+00 1.01559e+00
28 1.06488e+00 1.01498e+00
29 1.04909e+00 1.01670e+00
30 1.04934e+00 1.01377e+00
31 1.04193e+00 1.01189e+00
32 1.05614e+00 1.01673e+00
33 1.04716e+00 1.01267e+00
34 1.04913e+00 1.01326e+00
35 1.06001e+00 1.01095e+00
36 1.04748e+00 1.01340e+00
37 1.04531e+00 1.00980e+00
38 1.04719e+00 1.00858e+00
39 1.03952e+00 1.00681e+00
40 1.02902e+00 1.00274e+00
41 1.04142e+00 1.00274e+00
42 1.04054e+00 9.98337e-01
43 1.03885e+00 9.96934e-01
44 1.02814e+00 9.95093e-01
45 1.02803e+00 1.00021e+00
46 1.02967e+00 9.94845e-01
47 1.02280e+00 9.95295e-01
48 1.03219e+00 9.93669e-01
49 1.01272e+00 9.91261e-01
50 1.02343e+00 9.93410e-01
51 1.02634e+00 9.94133e-01
52 1.02000e+00 9.89223e-01
53 1.01918e+00 9.87911e-01
54 1.01316e+00 9.90610e-01
55 1.01515e+00 9.85803e-01
56 1.01582e+00 9.82641e-01
57 1.01477e+00 9.85259e-01
58 1.01249e+00 9.87108e-01
59 1.02330e+00 9.79758e-01
60 1.02696e+00 9.81820e-01
61 1.01712e+00 9.80479e-01
62 1.01250e+00 9.81230e-01
63 1.00641e+00 9.82657e-01
64 1.00917e+00 9.90226e-01
65 1.01331e+00 9.80968e-01
66 1.00313e+00 9.84008e-01
67 1.00606e+00 9.77554e-01
68 1.00429e+00 9.83030e-01
69 1.00349e+00 9.71392e-01
70 1.00583e+00 9.72728e-01
71 1.00263e+00 9.71396e-01
72 1.01785e+00 9.70237e-01
73 9.97015e-01 9.70115e-01
74 9.98389e-01 9.70547e-01
75 1.00694e+00 9.67578e-01
76 1.01107e+00 9.71230e-01
77 1.00352e+00 9.67169e-01
78 1.00050e+00 9.68369e-01
79 1.00382e+00 9.68682e-01
80 1.00202e+00 9.70093e-01
81 9.95972e-01 9.66729e-01
82 9.92033e-01 9.62934e-01
83 9.98735e-01 9.62912e-01
84 9.89171e-01 9.66032e-01
85 1.00027e+00 9.60851e-01
86 9.90217e-01 9.61768e-01
87 9.88932e-01 9.61791e-01
88 9.87105e-01 9.57754e-01
89 9.93098e-01 9.58562e-01
90 9.89816e-01 9.59196e-01
91 9.83386e-01 9.58355e-01
92 9.88227e-01 9.53964e-01
93 9.87613e-01 9.54693e-01
94 9.89649e-01 9.54086e-01
95 9.90072e-01 9.58118e-01
96 9.86864e-01 9.56846e-01
97 9.86880e-01 9.53358e-01
98 9.88849e-01 9.54655e-01
99 9.77389e-01 9.56873e-01
100 9.79389e-01 9.52857e-01
101 9.81579e-01 9.52014e-01
102 9.85951e-01 9.53804e-01
103 9.74828e-01 9.52965e-01
104 9.85503e-01 9.54317e-01
105 9.79654e-01 9.54561e-01
106 9.86696e-01 9.57689e-01
107 9.84596e-01 9.54283e-01
108 9.84482e-01 9.56009e-01
109 9.92545e-01 9.54269e-01
110 9.75871e-01 9.50160e-01
111 9.76876e-01 9.48537e-01
112 9.65026e-01 9.49502e-01
113 9.80390e-01 9.47812e-01
114 9.77239e-01 9.49328e-01
115 9.78036e-01 9.48960e-01
116 9.74897e-01 9.46298e-01
117 9.77444e-01 9.48368e-01
118 9.70098e-01 9.49700e-01
119 9.71189e-01 9.48211e-01
120 9.69442e-01 9.49383e-01
121 9.75496e-01 9.48955e-01
122 9.73254e-01 9.48631e-01
123 9.79820e-01 9.47001e-01
124 9.64905e-01 9.49100e-01
125 9.74525e-01 9.46887e-01
126 9.70909e-01 9.47240e-01
127 9.73102e-01 9.44192e-01
128 9.71502e-01 9.45593e-01
129 9.64210e-01 9.49126e-01
130 9.71529e-01 9.43143e-01
131 9.75110e-01 9.43757e-01
132 9.67230e-01 9.43199e-01
133 9.58223e-01 9.42037e-01
134 9.77822e-01 9.42964e-01
135 9.55002e-01 9.44754e-01
136 9.60491e-01 9.42641e-01
137 9.76553e-01 9.44543e-01
138 9.68673e-01 9.41666e-01
139 9.60588e-01 9.41753e-01
140 9.62530e-01 9.40081e-01
141 9.69140e-01 9.41127e-01
142 9.57907e-01 9.37814e-01
143 9.66374e-01 9.40899e-01
144 9.54242e-01 9.37742e-01
145 9.59493e-01 9.38234e-01
146 9.59550e-01 9.36197e-01
147 9.72267e-01 9.39807e-01
148 9.63983e-01 9.40278e-01
149 9.51955e-01 9.41188e-01
150 9.47091e-01 9.35412e-01
151 9.59918e-01 9.35423e-01
152 9.57189e-01 9.36018e-01
153 9.68096e-01 9.37740e-01
154 9.60526e-01 9.38730e-01
155 9.56737e-01 9.36379e-01
156 9.63697e-01 9.39288e-01
157 9.66124e-01 9.43573e-01
158 9.64132e-01 9.41610e-01
159 9.56869e-01 9.40479e-01
160 9.64343e-01 9.34918e-01
161 9.54111e-01 9.38977e-01
162 9.63738e-01 9.34379e-01
163 9.41510e-01 9.31009e-01
164 9.47587e-01 9.34432e-01
165 9.57426e-01 9.32162e-01
166 9.55082e-01 9.30901e-01
167 9.52515e-01 9.32609e-01
168 9.52573e-01 9.30384e-01
169 9.52603e-01 9.31736e-01
170 9.58291e-01 9.31280e-01
171 9.62392e-01 9.35831e-01
172 9.54905e-01 9.36050e-01
173 9.52824e-01 9.33766e-01
174 9.54802e-01 9.30319e-01
175 9.51332e-01 9.41906e-01
176 9.50339e-01 9.29975e-01
177 9.48837e-01 9.29256e-01
178 9.41847e-01 9.29668e-01
179 9.53182e-01 9.32831e-01
180 9.55437e-01 9.32303e-01
181 9.58067e-01 9.31280e-01
182 9.46123e-01 9.30740e-01
183 9.48468e-01 9.31387e-01
184 9.51878e-01 9.33156e-01
185 9.54862e-01 9.31979e-01
186 9.45835e-01 9.29866e-01
187 9.42704e-01 9.29221e-01
188 9.61436e-01 9.29482e-01
189 9.31464e-01 9.27240e-01
190 9.43900e-01 9.29370e-01
191 9.38189e-01 9.29175e-01
192 9.54433e-01 9.29070e-01
193 9.42537e-01 9.27254e-01
194 9.49015e-01 9.27121e-01
195 9.45493e-01 9.26724e-01
196 9.42672e-01 9.25447e-01
197 9.42923e-01 9.24486e-01
198 9.44927e-01 9.26496e-01
199 9.45861e-01 9.23255e-01
200 9.42269e-01 9.25312e-01
201 9.43110e-01 9.21699e-01
202 9.33393e-01 9.21865e-01
203 9.53764e-01 9.23646e-01
204 9.55998e-01 9.22758e-01
205 9.44117e-01 9.21403e-01
206 9.46373e-01 9.21744e-01
207 9.47760e-01 9.23238e-01
208 9.47800e-01 9.19823e-01
209 9.40356e-01 9.19822e-01
210 9.47406e-01 9.19553e-01
211 9.43034e-01 9.20917e-01
212 9.38067e-01 9.19797e-01
213 9.45762e-01 9.21203e-01
214 9.35919e-01 9.18107e-01
215 9.48454e-01 9.20647e-01
216 9.40159e-01 9.18648e-01
217 9.41006e-01 9.16935e-01
218 9.52268e-01 9.18510e-01
219 9.38016e-01 9.15857e-01
220 9.39340e-01 9.20692e-01
221 9.37704e-01 9.15366e-01
222 9.48091e-01 9.17077e-01
223 9.52293e-01 9.16055e-01
224 9.42774e-01 9.16434e-01
225 9.43754e-01 9.17147e-01
226 9.37083e-01 9.15341e-01
227 9.42575e-01 9.16133e-01
228 9.34799e-01 9.15802e-01
229 9.41798e-01 9.15110e-01
230 9.34024e-01 9.15133e-01
231 9.31281e-01 9.13539e-01
232 9.41437e-01 9.14642e-01
233 9.37907e-01 9.13960e-01
234 9.35612e-01 9.13124e-01
235 9.44792e-01 9.17486e-01
236 9.40031e-01 9.13293e-01
237 9.33615e-01 9.12394e-01
238 9.35674e-01 9.12155e-01
239 9.31989e-01 9.14952e-01
240 9.29206e-01 9.13310e-01
241 9.40033e-01 9.12588e-01
242 9.38032e-01 9.13262e-01
243 9.41410e-01 9.14034e-01
244 9.35385e-01 9.10924e-01
245 9.39783e-01 9.13511e-01
246 9.34266e-01 9.10237e-01
247 9.31253e-01 9.10551e-01
248 9.31896e-01 9.12707e-01
249 9.39061e-01 9.11478e-01
250 9.38089e-01 9.12683e-01
251 9.37424e-01 9.11199e-01
252 9.30115e-01 9.11010e-01
253 9.37674e-01 9.10859e-01
254 9.34415e-01 9.10856e-01
255 9.40384e-01 9.12218e-01
256 9.37165e-01 9.11915e-01
257 9.38879e-01 9.10386e-01
258 9.35356e-01 9.09709e-01
259 9.34831e-01 9.09868e-01
260 9.32348e-01 9.11140e-01
261 9.36881e-01 9.10692e-01
262 9.36246e-01 9.09674e-01
263 9.37301e-01 9.09690e-01
264 9.37140e-01 9.09684e-01
265 9.38989e-01 9.10441e-01
266 9.27330e-01 9.05398e-01
267 9.29726e-01 9.05910e-01
268 9.30441e-01 9.10717e-01
269 9.35386e-01 9.04432e-01
270 9.30753e-01 9.03579e-01
271 9.27052e-01 9.04890e-01
272 9.33218e-01 9.03376e-01
273 9.25118e-01 9.05334e-01
274 9.30357e-01 9.04577e-01
275 9.38948e-01 9.07506e-01
276 9.35973e-01 9.05098e-01
277 9.27466e-01 9.03703e-01
278 9.37422e-01 9.06395e-01
279 9.40551e-01 9.04041e-01
280 9.29947e-01 9.03711e-01
281 9.28761e-01 9.02734e-01
282 9.39301e-01 9.04033e-01
283 9.29551e-01 9.02316e-01
284 9.26074e-01 9.01908e-01
285 9.27569e-01 9.00861e-01
286 9.24466e-01 9.00743e-01
287 9.34166e-01 9.04490e-01
288 9.37484e-01 9.02966e-01
289 9.20517e-01 9.01006e-01
290 9.28558e-01 8.98604e-01
291 9.29192e-01 8.99986e-01
292 9.34192e-01 9.00120e-01
293 9.24273e-01 8.99321e-01
294 9.29677e-01 9.01845e-01
295 9.23169e-01 8.99081e-01
296 9.29771e-01 8.97895e-01
297 9.19539e-01 8.97501e-01
298 9.23121e-01 8.96834e-01
299 9.26205e-01 8.98250e-01
300 9.35243e-01 9.03056e-01
301 9.32286e-01 8.97070e-01
302 9.29426e-01 8.97110e-01
303 9.28330e-01 9.04171e-01
304 9.25087e-01 8.95750e-01
305 9.29680e-01 8.97990e-01
306 9.28510e-01 8.98262e-01
307 9.12226e-01 9.00672e-01
308 9.24360e-01 8.98653e-01
309 9.24026e-01 8.96445e-01
310 9.27755e-01 8.94973e-01
311 9.34371e-01 8.96834e-01
312 9.27152e-01 8.96468e-01
313 9.20799e-01 8.95726e-01
314 9.22232e-01 8.94132e-01
315 9.26592e-01 8.96667e-01
316 9.29488e-01 8.96818e-01
317 9.28340e-01 8.94551e-01
318 9.16879e-01 9.02998e-01
319 9.27605e-01 8.97892e-01
320 9.26574e-01 8.93543e-01
321 9.14840e-01 8.97039e-01
322 9.24175e-01 8.92648e-01
323 9.18639e-01 8.96348e-01
324 9.21116e-01 8.93570e-01
325 9.29487e-01 8.93047e-01
326 9.17761e-01 8.92581e-01
327 9.23539e-01 8.94998e-01
328 9.19649e-01 8.92893e-01
329 9.09803e-01 8.91339e-01
330 9.25830e-01 8.96807e-01
331 9.18287e-01 8.91931e-01
332 9.22045e-01 8.90870e-01
333 9.14429e-01 8.93722e-01
334 9.18897e-01 8.92525e-01
335 9.21977e-01 8.91020e-01
336 9.16441e-01 8.92035e-01
337 9.17777e-01 8.94755e-01
338 9.17929e-01 8.94290e-01
339 9.18313e-01 9.00690e-01
340 9.18540e-01 8.89451e-01
341 9.21899e-01 8.89104e-01
342 9.16348e-01 8.91860e-01
343 9.18438e-01 8.91426e-01
344 9.16324e-01 8.90123e-01
345 9.05276e-01 8.89671e-01
346 9.18154e-01 8.88701e-01
347 9.26470e-01 8.91175e-01
348 9.27623e-01 8.88820e-01
349 9.06389e-01 8.90424e-01
350 9.14678e-01 8.88818e-01
351 9.17584e-01 8.87157e-01
352 9.16330e-01 8.88918e-01
353 9.15133e-01 8.89925e-01
354 9.23048e-01 8.88014e-01
355 9.14362e-01 8.89243e-01
356 9.02810e-01 8.89224e-01
357 9.10975e-01 8.88633e-01
358 9.19905e-01 8.88230e-01
359 9.15387e-01 8.89614e-01
360 9.07981e-01 8.88338e-01
361 9.11071e-01 8.89697e-01
362 9.19175e-01 8.88020e-01
363 9.13380e-01 8.89206e-01
364 9.16638e-01 8.88848e-01
365 9.18983e-01 8.86744e-01
366 9.21855e-01 8.87760e-01
367 9.14314e-01 8.88120e-01
368 9.16226e-01 8.86685e-01
369 9.17599e-01 8.86389e-01
370 9.20000e-01 8.89609e-01
371 9.13799e-01 8.87672e-01
372 9.14692e-01 8.86908e-01
373 9.11350e-01 8.85981e-01
374 9.12330e-01 8.85429e-01
375 9.14674e-01 8.84704e-01
376 9.20739e-01 8.89542e-01
377 9.12280e-01 8.84056e-01
378 9.17004e-01 8.85154e-01
379 9.18498e-01 8.85931e-01
380 9.15170e-01 8.84471e-01
381 9.08846e-01 8.85094e-01
382 9.17048e-01 8.88531e-01
383 9.08499e-01 8.83691e-01
384 9.02314e-01 8.87992e-01
385 9.06969e-01 8.85142e-01
386 9.13249e-01 8.84358e-01
387 9.14397e-01 8.87016e-01
388 9.16971e-01 8.84240e-01
389 9.19555e-01 8.84239e-01
390 9.10122e-01 8.86587e-01
391 9.06477e-01 8.85766e-01
392 9.25140e-01 8.83830e-01
393 9.22357e-01 8.85172e-01
394 9.11122e-01 8.88688e-01
395 9.03684e-01 8.85581e-01
396 9.15657e-01 8.84503e-01
397 9.02990e-01 8.84220e-01
398 9.10442e-01 8.83959e-01
399 9.12274e-01 8.84033e-01
400 9.13582e-01 8.86314e-01
401 9.16877e-01 8.87189e-01
402 9.09610e-01 8.85610e-01
403 9.07933e-01 8.84894e-01
404 9.04395e-01 8.85419e-01
405 9.15112e-01 8.85013e-01
406 9.05516e-01 8.83244e-01
407 9.11164e-01 8.84055e-01
408 9.02949e-01 8.83166e-01
409 8.97357e-01 8.84144e-01
410 9.13555e-01 8.83461e-01
411 9.09902e-01 8.80919e-01
412 9.13719e-01 8.84318e-01
413 9.05170e-01 8.82893e-01
414 9.06424e-01 8.87746e-01
415 9.11985e-01 8.82444e-01
416 9.06647e-01 8.83943e-01
417 9.05074e-01 8.88720e-01
418 9.08326e-01 8.82472e-01
419 9.00093e-01 8.82008e-01
420 9.10499e-01 8.83483e-01
421 9.14881e-01 8.83350e-01
422 9.09914e-01 8.81487e-01
423 9.03686e-01 8.80565e-01
424 9.07989e-01 8.81818e-01
425 9.05390e-01 8.83431e-01
426 9.04577e-01 8.83256e-01
427 9.05945e-01 8.90917e-01
428 9.11876e-01 8.83343e-01
429 9.07347e-01 8.79560e-01
430 9.05306e-01 8.82372e-01
431 9.07897e-01 8.80642e-01
432 9.10357e-01 8.81149e-01
433 9.12099e-01 8.82620e-01
434 9.08363e-01 8.80340e-01
435 9.02128e-01 8.83306e-01
436 9.04510e-01 8.78649e-01
437 9.14094e-01 8.81171e-01
438 9.11268e-01 8.80321e-01
439 8.99474e-01 8.78703e-01
440 9.10344e-01 8.79107e-01
441 9.11699e-01 8.78101e-01
442 8.98006e-01 8.80284e-01
443 9.04077e-01 8.79545e-01
444 9.06626e-01 8.78941e-01
445 9.06044e-01 8.81452e-01
446 9.02625e-01 8.84055e-01
447 8.99802e-01 8.77785e-01
448 9.06461e-01 8.78030e-01
449 9.03236e-01 8.80042e-01
450 8.96727e-01 8.78412e-01
451 9.01535e-01 8.80631e-01
452 9.05780e-01 8.77634e-01
453 9.03604e-01 8.80905e-01
454 8.97307e-01 8.77403e-01
455 8.98275e-01 8.78633e-01
456 9.03024e-01 8.80678e-01
457 9.04607e-01 8.84131e-01
458 8.99502e-01 8.79610e-01
459 9.11931e-01 8.76665e-01
460 9.06171e-01 8.80728e-01
461 8.98717e-01 8.79679e-01
462 8.96818e-01 8.77078e-01
463 9.01893e-01 8.78885e-01
464 9.07436e-01 8.80508e-01
465 9.05500e-01 8.76150e-01
466 9.08109e-01 8.77264e-01
467 9.08588e-01 8.76186e-01
468 9.05544e-01 8.76882e-01
469 9.02896e-01 8.76342e-01
470 9.07981e-01 8.77818e-01
471 8.99175e-01 8.77966e-01
472 9.02606e-01 8.79708e-01
473 9.00820e-01 8.77463e-01
474 8.99127e-01 8.77835e-01
475 9.02203e-01 8.75927e-01
476 8.97519e-01 8.78248e-01
477 9.03862e-01 8.74567e-01
478 8.99492e-01 8.74232e-01
479 9.01206e-01 8.74787e-01
480 8.98977e-01 8.78129e-01
481 8.99197e-01 8.73686e-01
482 9.04477e-01 8.82025e-01
483 9.03047e-01 8.74676e-01
484 8.97927e-01 8.73895e-01
485 9.03089e-01 8.76501e-01
486 9.05730e-01 8.76448e-01
487 9.05074e-01 8.74519e-01
488 9.01402e-01 8.76135e-01
489 9.06963e-01 8.80459e-01
490 8.98407e-01 8.74423e-01
491 8.93362e-01 8.77388e-01
492 9.04860e-01 8.78449e-01
493 9.03782e-01 8.75601e-01
494 8.95822e-01 8.76455e-01
495 8.91341e-01 8.76743e-01
496 8.89778e-01 8.79742e-01
497 8.97568e-01 8.76805e-01
498 9.12881e-01 8.75166e-01
499 8.94535e-01 8.76674e-01
500 8.89784e-01 8.74261e-01
501 8.96815e-01 8.80022e-01
502 8.97758e-01 8.73974e-01
503 9.00233e-01 8.77027e-01
504 8.89113e-01 8.73511e-01
505 8.93569e-01 8.73195e-01
506 8.96397e-01 8.74476e-01
507 8.94463e-01 8.75874e-01
508 8.98646e-01 8.76212e-01
509 8.91282e-01 8.75655e-01
510 8.94873e-01 8.72415e-01
511 8.98320e-01 8.79885e-01
512 8.98517e-01 8.75218e-01
513 9.00481e-01 8.76916e-01
514 8.98151e-01 8.73191e-01
515 8.94735e-01 8.74803e-01
516 8.95257e-01 8.79397e-01
517 8.96551e-01 8.75799e-01
518 8.93452e-01 8.74157e-01
519 8.95061e-01 8.74006e-01
520 8.99958e-01 8.73642e-01
521 8.92354e-01 8.79829e-01
522 8.91283e-01 8.74067e-01
523 9.01396e-01 8.76258e-01
524 8.92318e-01 8.77232e-01
525 8.77373e-01 8.74382e-01
526 8.95527e-01 8.76999e-01
527 8.97546e-01 8.75135e-01
528 8.94212e-01 8.80559e-01
529 8.92077e-01 8.73762e-01
530 8.87951e-01 8.76362e-01
531 9.00319e-01 8.77484e-01
532 8.91426e-01 8.74715e-01
533 8.97620e-01 8.72673e-01
534 8.93037e-01 8.71558e-01
535 9.05431e-01 8.70680e-01
536 9.01750e-01 8.71012e-01
537 8.87603e-01 8.74092e-01
538 8.98395e-01 8.72521e-01
539 8.90961e-01 8.73082e-01
540 8.93687e-01 8.73294e-01
541 8.94357e-01 8.76372e-01
542 8.88106e-01 8.73507e-01
543 8.94684e-01 8.75318e-01
544 8.93234e-01 8.73751e-01
545 8.99939e-01 8.72135e-01
546 9.01923e-01 8.72399e-01
547 8.85607e-01 8.74110e-01
548 8.94929e-01 8.74192e-01
549 8.99157e-01 8.72709e-01
550 8.99911e-01 8.73778e-01
551 8.90453e-01 8.74193e-01
552 8.93848e-01 8.70500e-01
553 8.91740e-01 8.73922e-01
554 8.92239e-01 8.75274e-01
555 8.98982e-01 8.73403e-01
556 8.98034e-01 8.71446e-01
557 8.94970e-01 8.73488e-01
558 8.91672e-01 8.69736e-01
559 8.85957e-01 8.70506e-01
560 8.97492e-01 8.72075e-01
561 8.91797e-01 8.72021e-01
562 8.98338e-01 8.72462e-01
563 8.89526e-01 8.72434e-01
564 8.88753e-01 8.71968e-01
565 8.87517e-01 8.74027e-01
566 8.92697e-01 8.70973e-01
567 8.93901e-01 8.74187e-01
568 8.94953e-01 8.71644e-01
569 8.91284e-01 8.71761e-01
570 8.87835e-01 8.68878e-01
571 8.94449e-01 8.67718e-01
572 8.88151e-01 8.70721e-01
573 8.93430e-01 8.70458e-01
574 8.89990e-01 8.70738e-01
575 8.99124e-01 8.72612e-01
576 8.99804e-01 8.69868e-01
577 8.91066e-01 8.71490e-01
578 8.94904e-01 8.71455e-01
579 8.92238e-01 8.72990e-01
580 8.82017e-01 8.70201e-01
581 8.96159e-01 8.68995e-01
582 8.94985e-01 8.76144e-01
583 8.90041e-01 8.70939e-01
584 8.90917e-01 8.70186e-01
585 8.91498e-01 8.68439e-01
586 8.88455e-01 8.67826e-01
587 8.95621e-01 8.68345e-01
588 8.82628e-01 8.69963e-01
589 8.89959e-01 8.68187e-01
590 8.82155e-01 8.69966e-01
591 8.81062e-01 8.66359e-01
592 8.89865e-01 8.70332e-01
593 8.98121e-01 8.70643e-01
594 8.93751e-01 8.67744e-01
595 8.93050e-01 8.71210e-01
596 8.87305e-01 8.69083e-01
597 8.91907e-01 8.69018e-01
598 8.94414e-01 8.66660e-01
599 8.89973e-01 8.69367e-01
600 8.93711e-01 8.66427e-01
601 8.85692e-01 8.65884e-01
602 8.99352e-01 8.68382e-01
603 8.82014e-01 8.71337e-01
604 8.89900e-01 8.68210e-01
605 8.87886e-01 8.66723e-01
606 8.87331e-01 8.69323e-01
607 8.95877e-01 8.68476e-01
608 8.89968e-01 8.69513e-01
609 8.90606e-01 8.66464e-01
610 8.80219e-01 8.69819e-01
611 8.88765e-01 8.66707e-01
612 8.90446e-01 8.70182e-01
613 8.87062e-01 8.67376e-01
614 8.95168e-01 8.69885e-01
615 8.90395e-01 8.68078e-01
616 8.91408e-01 8.70436e-01
617 8.88054e-01 8.69000e-01
618 8.86043e-01 8.69646e-01
619 8.91102e-01 8.69323e-01
620 8.89794e-01 8.66804e-01
621 8.97298e-01 8.69197e-01
622 8.88633e-01 8.69132e-01
623 8.84371e-01 8.71130e-01
624 8.82193e-01 8.69858e-01
625 8.89982e-01 8.66958e-01
626 8.77382e-01 8.68818e-01
627 8.89039e-01 8.68059e-01
628 8.89825e-01 8.70669e-01
629 8.86842e-01 8.68093e-01
630 8.86724e-01 8.69291e-01
631 8.84638e-01 8.65742e-01
632 8.91826e-01 8.68981e-01
633 8.92127e-01 8.65732e-01
634 8.85058e-01 8.69472e-01
635 8.82140e-01 8.69813e-01
636 8.88566e-01 8.69328e-01
637 8.90444e-01 8.69252e-01
638 8.82567e-01 8.67978e-01
639 8.87861e-01 8.69298e-01
640 8.94449e-01 8.68967e-01
641 8.81470e-01 8.65949e-01
642 8.90532e-01 8.66211e-01
643 8.82013e-01 8.66952e-01
644 8.83087e-01 8.65365e-01
645 8.88367e-01 8.66816e-01
646 8.84652e-01 8.67423e-01
647 8.91202e-01 8.66005e-01
648 8.84834e-01 8.65261e-01
649 8.80633e-01 8.68056e-01
650 8.84405e-01 8.66223e-01
651 8.88786e-01 8.64519e-01
652 8.77276e-01 8.63119e-01
653 8.81638e-01 8.64166e-01
654 8.87657e-01 8.66797e-01
655 8.89448e-01 8.64882e-01
656 8.88535e-01 8.67572e-01
657 8.89144e-01 8.66669e-01
658 8.84636e-01 8.63940e-01
659 8.75522e-01 8.65825e-01
660 8.93950e-01 8.68528e-01
661 8.82966e-01 8.64208e-01
662 8.81109e-01 8.64640e-01
663 8.82906e-01 8.63614e-01
664 8.87694e-01 8.67649e-01
665 8.85462e-01 8.64509e-01
666 8.80060e-01 8.63406e-01
667 8.79541e-01 8.62478e-01
668 8.81534e-01 8.67640e-01
669 8.87532e-01 8.65603e-01
670 8.86790e-01 8.66996e-01
671 8.84335e-01 8.65677e-01
672 8.76999e-01 8.65923e-01
673 8.74872e-01 8.65470e-01
674 8.91704e-01 8.65998e-01
675 8.89706e-01 8.67312e-01
676 8.94070e-01 8.63812e-01
677 8.82564e-01 8.66550e-01
678 8.80029e-01 8.63534e-01
679 8.85467e-01 8.63667e-01
680 8.83271e-01 8.64124e-01
681 8.79594e-01 8.63054e-01
682 8.84826e-01 8.65357e-01
683 8.82008e-01 8.62695e-01
684 8.83735e-01 8.63900e-01
685 8.76658e-01 8.65521e-01
686 8.77431e-01 8.64406e-01
687 8.77623e-01 8.63938e-01
688 8.85750e-01 8.64430e-01
689 8.81646e-01 8.65035e-01
690 8.85472e-01 8.66888e-01
691 8.77690e-01 8.64323e-01
692 8.83192e-01 8.64501e-01
693 8.87246e-01 8.63612e-01
694 8.77959e-01 8.65938e-01
695 8.71788e-01 8.64533e-01
696 8.84365e-01 8.65189e-01
697 8.77051e-01 8.62378e-01
698 8.83953e-01 8.64426e-01
699 8.79417e-01 8.63855e-01
700 8.80063e-01 8.72124e-01
701 8.90373e-01 8.62894e-01
702 8.74873e-01 8.63523e-01
703 8.83422e-01 8.64881e-01
704 8.80961e-01 8.63758e-01
705 8.88389e-01 8.64166e-01
706 8.78292e-01 8.64946e-01
707 8.84508e-01 8.64620e-01
708 8.83906e-01 8.64758e-01
709 8.79488e-01 8.64166e-01
710 8.89206e-01 8.62378e-01
711 8.83849e-01 8.63021e-01
712 8.88344e-01 8.61816e-01
713 8.78941e-01 8.67003e-01
714 8.82051e-01 8.64800e-01
715 8.86474e-01 8.62553e-01
716 8.90358e-01 8.64244e-01
717 8.83987e-01 8.61036e-01
718 8.80499e-01 8.63071e-01
719 8.77040e-01 8.60990e-01
720 8.80847e-01 8.68155e-01
721 8.80243e-01 8.61159e-01
722 8.73896e-01 8.61506e-01
723 8.76341e-01 8.61291e-01
724 8.83797e-01 8.63719e-01
725 8.83686e-01 8.65290e-01
726 8.89846e-01 8.62771e-01
727 8.81081e-01 8.61884e-01
728 8.74846e-01 8.61614e-01
729 8.79384e-01 8.60146e-01
730 8.76481e-01 8.65699e-01
731 8.81651e-01 8.61418e-01
732 8.79259e-01 8.59826e-01
733 8.80690e-01 8.63700e-01
734 8.82124e-01 8.60407e-01
735 8.81272e-01 8.62982e-01
736 8.89570e-01 8.60137e-01
737 8.80923e-01 8.61383e-01
738 8.79379e-01 8.61732e-01
739 8.79616e-01 8.59483e-01
740 8.75349e-01 8.61474e-01
741 8.80734e-01 8.61549e-01
742 8.85423e-01 8.61503e-01
743 8.73837e-01 8.60688e-01
744 8.73501e-01 8.63296e-01
745 8.83615e-01 8.64719e-01
746 8.82143e-01 8.62944e-01
747 8.80489e-01 8.62940e-01
748 8.79346e-01 8.60416e-01
749 8.79609e-01 8.59610e-01
750 8.74933e-01 8.61039e-01
751 8.76480e-01 8.60424e-01
752 8.81749e-01 8.58869e-01
753 8.82108e-01 8.63368e-01
754 8.81436e-01 8.61648e-01
755 8.75233e-01 8.61937e-01
756 8.77441e-01 8.58910e-01
757 8.71566e-01 8.59821e-01
758 8.82461e-01 8.61533e-01
759 8.77591e-01 8.59567e-01
760 8.73283e-01 8.58916e-01
761 8.84779e-01 8.61323e-01
762 8.75388e-01 8.62535e-01
763 8.80171e-01 8.60360e-01
764 8.80493e-01 8.58958e-01
765 8.87111e-01 8.61661e-01
766 8.75297e-01 8.61436e-01
767 8.76986e-01 8.60755e-01
768 8.81725e-01 8.60284e-01
769 8.83867e-01 8.59215e-01
770 8.66578e-01 8.60998e-01
771 8.81539e-01 8.58189e-01
772 8.65693e-01 8.60238e-01
773 8.65379e-01 8.62306e-01
774 8.84144e-01 8.60113e-01
775 8.73939e-01 8.57658e-01
776 8.80367e-01 8.59987e-01
777 8.73432e-01 8.61107e-01
778 8.77381e-01 8.59264e-01
779 8.79899e-01 8.58903e-01
780 8.77975e-01 8.58285e-01
781 8.82299e-01 8.59676e-01
782 8.71597e-01 8.58595e-01
783 8.76923e-01 8.58493e-01
784 8.79713e-01 8.58226e-01
785 8.68271e-01 8.57537e-01
786 8.70077e-01 8.60171e-01
787 8.75552e-01 8.64605e-01
788 8.73641e-01 8.59121e-01
789 8.67727e-01 8.62531e-01
790 8.81582e-01 8.59345e-01
791 8.81063e-01 8.59966e-01
792 8.72943e-01 8.60648e-01
793 8.81535e-01 8.61029e-01
794 8.76569e-01 8.63810e-01
795 8.71855e-01 8.61111e-01
796 8.80584e-01 8.61159e-01
797 8.75797e-01 8.57685e-01
798 8.75227e-01 8.63938e-01
799 8.71447e-01 8.57991e-01
800 8.77217e-01 8.60495e-01
801 8.73263e-01 8.59405e-01
802 8.77634e-01 8.61738e-01
803 8.78099e-01 8.61889e-01
804 8.74774e-01 8.60214e-01
805 8.73622e-01 8.58572e-01
806 8.73372e-01 8.59402e-01
807 8.81285e-01 8.61274e-01
808 8.69389e-01 8.59762e-01
809 8.77927e-01 8.57885e-01
810 8.69827e-01 8.63940e-01
811 8.77363e-01 8.56729e-01
812 8.74234e-01 8.59147e-01
813 8.69233e-01 8.58212e-01
814 8.72033e-01 8.60595e-01
815 8.73794e-01 8.55513e-01
816 8.68285e-01 8.58455e-01
817 8.81138e-01 8.57102e-01
818 8.71354e-01 8.62554e-01
819 8.79392e-01 8.56787e-01
820 8.80927e-01 8.60963e-01
821 8.72268e-01 8.58334e-01
822 8.74158e-01 8.57563e-01
823 8.69204e-01 8.59122e-01
824 8.70217e-01 8.59414e-01
825 8.73380e-01 8.57510e-01
826 8.63961e-01 8.57934e-01
827 8.69527e-01 8.57710e-01
828 8.76356e-01 8.57975e-01
829 8.80008e-01 8.56736e-01
830 8.74087e-01 8.56633e-01
831 8.79801e-01 8.54898e-01
832 8.71009e-01 8.58646e-01
833 8.63577e-01 8.55798e-01
834 8.66407e-01 8.54554e-01
835 8.71397e-01 8.55713e-01
836 8.77083e-01 8.54015e-01
837 8.69334e-01 8.54142e-01
838 8.62744e-01 8.54262e-01
839 8.80564e-01 8.58103e-01
840 8.80291e-01 8.54587e-01
841 8.76494e-01 8.52975e-01
842 8.74106e-01 8.56633e-01
843 8.69483e-01 8.53388e-01
844 8.60794e-01 8.55723e-01
845 8.79148e-01 8.59449e-01
846 8.70182e-01 8.53734e-01
847 8.72693e-01 8.57731e-01
848 8.70558e-01 8.56472e-01
849 8.84536e-01 8.55160e-01
850 8.75876e-01 8.54353e-01
851 8.72375e-01 8.54804e-01
852 8.76519e-01 8.54398e-01
853 8.76964e-01 8.55142e-01
854 8.75993e-01 8.55334e-01
855 8.70359e-01 8.56271e-01
856 8.85663e-01 8.56441e-01
857 8.69584e-01 8.55207e-01
858 8.62783e-01 8.59919e-01
859 8.66897e-01 8.56232e-01
860 8.77747e-01 8.57991e-01
861 8.73654e-01 8.55646e-01
862 8.76731e-01 8.53193e-01
863 8.75418e-01 8.61174e-01
864 8.70901e-01 8.54498e-01
865 8.72392e-01 8.56439e-01
866 8.69244e-01 8.53610e-01
867 8.66670e-01 8.55189e-01
868 8.82206e-01 8.56853e-01
869 8.70348e-01 8.57777e-01
870 8.65467e-01 8.56847e-01
871 8.71129e-01 8.56055e-01
872 8.71003e-01 8.57172e-01
873 8.70452e-01 8.56416e-01
874 8.76622e-01 8.55439e-01
875 8.74908e-01 8.54856e-01
876 8.73794e-01 8.56355e-01
877 8.62227e-01 8.57614e-01
878 8.73346e-01 8.53625e-01
879 8.69625e-01 8.54302e-01
880 8.68981e-01 8.57214e-01
881 8.76636e-01 8.53473e-01
882 8.77766e-01 8.53646e-01
883 8.70067e-01 8.59720e-01
884 8.69812e-01 8.52540e-01
885 8.56483e-01 8.53369e-01
886 8.68238e-01 8.59351e-01
887 8.75605e-01 8.52512e-01
888 8.67792e-01 8.52302e-01
889 8.66141e-01 8.56102e-01
890 8.62745e-01 8.51652e-01
891 8.72266e-01 8.51232e-01
892 8.70986e-01 8.55163e-01
893 8.69082e-01 8.55200e-01
894 8.62245e-01 8.55411e-01
895 8.68857e-01 8.59893e-01
896 8.74109e-01 8.53326e-01
897 8.75529e-01 8.52820e-01
898 8.70408e-01 8.54513e-01
899 8.70407e-01 8.53843e-01
900 8.62939e-01 8.57584e-01
901 8.76507e-01 8.53168e-01
902 8.72024e-01 8.51907e-01
903 8.68822e-01 8.53213e-01
904 8.60854e-01 8.54740e-01
905 8.72470e-01 8.53135e-01
906 8.68665e-01 8.54763e-01
907 8.72044e-01 8.54070e-01
908 8.64620e-01 8.56413e-01
909 8.70170e-01 8.52814e-01
910 8.71668e-01 8.52637e-01
911 8.71768e-01 8.54587e-01
912 8.69270e-01 8.55872e-01
913 8.65650e-01 8.54273e-01
914 8.75351e-01 8.53312e-01
915 8.74187e-01 8.52475e-01
916 8.72203e-01 8.57171e-01
917 8.68491e-01 8.54832e-01
918 8.69577e-01 8.52424e-01
919 8.65621e-01 8.52389e-01
920 8.66110e-01 8.55911e-01
921 8.59436e-01 8.52934e-01
922 8.72431e-01 8.53701e-01
923 8.60295e-01 8.53501e-01
924 8.63529e-01 8.53488e-01
925 8.71452e-01 8.52129e-01
926 8.73474e-01 8.53874e-01
927 8.67079e-01 8.53543e-01
928 8.73442e-01 8.51775e-01
929 8.69204e-01 8.53714e-01
930 8.64562e-01 8.57205e-01
931 8.62299e-01 8.53847e-01
932 8.63941e-01 8.53336e-01
933 8.64284e-01 8.54811e-01
934 8.75452e-01 8.53680e-01
935 8.63690e-01 8.51632e-01
936 8.68030e-01 8.55186e-01
937 8.66663e-01 8.54198e-01
938 8.68246e-01 8.53143e-01
939 8.72921e-01 8.54426e-01
940 8.71396e-01 8.59063e-01
941 8.79721e-01 8.51324e-01
942 8.69347e-01 8.52030e-01
943 8.68286e-01 8.53202e-01
944 8.72401e-01 8.52688e-01
945 8.62777e-01 8.51518e-01
946 8.64350e-01 8.50730e-01
947 8.71849e-01 8.50202e-01
948 8.64156e-01 8.54491e-01
949 8.74734e-01 8.51159e-01
950 8.72024e-01 8.50342e-01
951 8.70196e-01 8.53547e-01
952 8.65792e-01 8.52947e-01
953 8.69875e-01 8.57034e-01
954 8.78261e-01 8.52517e-01
955 8.70298e-01 8.56531e-01
956 8.70847e-01 8.54166e-01
957 8.76943e-01 8.50352e-01
958 8.71411e-01 8.52707e-01
959 8.66135e-01 8.54078e-01
960 8.70104e-01 8.56141e-01
961 8.69952e-01 8.55060e-01
962 8.62289e-01 8.53227e-01
963 8.65525e-01 8.54633e-01
964 8.58800e-01 8.51038e-01
965 8.64660e-01 8.53178e-01
966 8.71616e-01 8.55821e-01
967 8.62228e-01 8.54436e-01
968 8.68821e-01 8.54698e-01
969 8.65310e-01 8.54357e-01
970 8.65125e-01 8.52889e-01
971 8.73214e-01 8.57394e-01
972 8.61451e-01 8.52847e-01
973 8.65264e-01 8.52967e-01
974 8.69346e-01 8.55284e-01
975 8.76310e-01 8.55518e-01
976 8.71055e-01 8.53974e-01
977 8.66347e-01 8.52832e-01
978 8.66477e-01 8.54003e-01
979 8.68488e-01 8.53795e-01
980 8.69334e-01 8.54650e-01
981 8.59928e-01 8.51038e-01
982 8.59435e-01 8.52626e-01
983 8.69354e-01 8.53176e-01
984 8.65738e-01 8.54638e-01
985 8.68363e-01 8.54860e-01
986 8.79053e-01 8.54854e-01
987 8.58579e-01 8.52157e-01
988 8.60172e-01 8.51219e-01
989 8.59029e-01 8.51799e-01
990 8.61421e-01 8.54044e-01
991 8.73941e-01 8.49243e-01
992 8.62614e-01 8.52832e-01
993 8.61381e-01 8.52738e-01
994 8.59537e-01 8.52058e-01
995 8.69267e-01 8.51038e-01
996 8.73082e-01 8.51629e-01
997 8.61373e-01 8.52242e-01
998 8.57538e-01 8.52577e-01
999 8.70359e-01 8.52362e-01
